,Acquisition,Contrast,Path,Run,Session,Subject,Task,Mean Significance,Median Significance,Mean DR Significance,Median DR Significance,Processing,Template,Uid
0,EPIlowcov,BOLD,/home/chymera/.scratch/irsabi/l1/generic/sub-4001/ses-ofM/sub-4001_ses-ofM_task-JogB_acq-EPIlowcov_run-0_bold_pfstat.nii.gz,0,ofM,4001,JogB,1.6340333223342896,1.122370719909668,1.6828585863113403,1.2676777839660645,Generic,Generic,4001_ofM_bold
1,EPIlowcov,CBV,/home/chymera/.scratch/irsabi/l1/generic/sub-4001/ses-ofM/sub-4001_ses-ofM_task-JogB_acq-EPIlowcov_run-1_cbv_pfstat.nii.gz,1,ofM,4001,JogB,1.520038366317749,1.0394185781478882,1.7926101684570312,1.2647860050201416,Generic,Generic,4001_ofM_cbv
2,EPIlowcov,BOLD,/home/chymera/.scratch/irsabi/l1/generic/sub-4001/ses-ofMaF/sub-4001_ses-ofMaF_task-JogB_acq-EPIlowcov_run-0_bold_pfstat.nii.gz,0,ofMaF,4001,JogB,2.1029419898986816,1.3716014623641968,3.70733642578125,2.0883350372314453,Generic,Generic,4001_ofMaF_bold
3,EPIlowcov,CBV,/home/chymera/.scratch/irsabi/l1/generic/sub-4001/ses-ofMaF/sub-4001_ses-ofMaF_task-JogB_acq-EPIlowcov_run-1_cbv_pfstat.nii.gz,1,ofMaF,4001,JogB,1.6401340961456299,1.129478096961975,1.4847288131713867,0.9416435956954956,Generic,Generic,4001_ofMaF_cbv
4,EPIlowcov,BOLD,/home/chymera/.scratch/irsabi/l1/generic/sub-4001/ses-ofMcF1/sub-4001_ses-ofMcF1_task-JogB_acq-EPIlowcov_run-0_bold_pfstat.nii.gz,0,ofMcF1,4001,JogB,1.9372748136520386,1.3408600091934204,3.1108920574188232,2.2244014739990234,Generic,Generic,4001_ofMcF1_bold
5,EPIlowcov,CBV,/home/chymera/.scratch/irsabi/l1/generic/sub-4001/ses-ofMcF1/sub-4001_ses-ofMcF1_task-JogB_acq-EPIlowcov_run-1_cbv_pfstat.nii.gz,1,ofMcF1,4001,JogB,1.9630252122879028,1.3103899955749512,3.9164531230926514,3.266770839691162,Generic,Generic,4001_ofMcF1_cbv
6,EPIlowcov,BOLD,/home/chymera/.scratch/irsabi/l1/generic/sub-4001/ses-ofMcF2/sub-4001_ses-ofMcF2_task-JogB_acq-EPIlowcov_run-0_bold_pfstat.nii.gz,0,ofMcF2,4001,JogB,1.8527789115905762,1.243375301361084,1.7693214416503906,1.470668077468872,Generic,Generic,4001_ofMcF2_bold
7,EPIlowcov,CBV,/home/chymera/.scratch/irsabi/l1/generic/sub-4001/ses-ofMcF2/sub-4001_ses-ofMcF2_task-JogB_acq-EPIlowcov_run-1_cbv_pfstat.nii.gz,1,ofMcF2,4001,JogB,1.8722944259643555,1.2215142250061035,1.3822499513626099,1.2251710891723633,Generic,Generic,4001_ofMcF2_cbv
8,EPIlowcov,BOLD,/home/chymera/.scratch/irsabi/l1/generic/sub-4002/ses-ofM/sub-4002_ses-ofM_task-JogB_acq-EPIlowcov_run-0_bold_pfstat.nii.gz,0,ofM,4002,JogB,2.5576744079589844,1.8668910264968872,1.9298564195632935,1.7171697616577148,Generic,Generic,4002_ofM_bold
9,EPIlowcov,CBV,/home/chymera/.scratch/irsabi/l1/generic/sub-4002/ses-ofM/sub-4002_ses-ofM_task-JogB_acq-EPIlowcov_run-1_cbv_pfstat.nii.gz,1,ofM,4002,JogB,1.632067084312439,1.1361558437347412,2.3426127433776855,1.5572905540466309,Generic,Generic,4002_ofM_cbv
10,EPIlowcov,BOLD,/home/chymera/.scratch/irsabi/l1/generic/sub-4004/ses-ofM/sub-4004_ses-ofM_task-JogB_acq-EPIlowcov_run-0_bold_pfstat.nii.gz,0,ofM,4004,JogB,1.7188674211502075,1.1596766710281372,1.6084792613983154,1.3371096849441528,Generic,Generic,4004_ofM_bold
11,EPIlowcov,CBV,/home/chymera/.scratch/irsabi/l1/generic/sub-4004/ses-ofM/sub-4004_ses-ofM_task-JogB_acq-EPIlowcov_run-1_cbv_pfstat.nii.gz,1,ofM,4004,JogB,1.7550225257873535,1.205836534500122,3.258251428604126,2.8241918087005615,Generic,Generic,4004_ofM_cbv
12,EPIlowcov,BOLD,/home/chymera/.scratch/irsabi/l1/generic/sub-4005/ses-ofM/sub-4005_ses-ofM_task-JogB_acq-EPIlowcov_run-0_bold_pfstat.nii.gz,0,ofM,4005,JogB,1.789998173713684,1.2102632522583008,2.7032668590545654,2.33870267868042,Generic,Generic,4005_ofM_bold
13,EPIlowcov,CBV,/home/chymera/.scratch/irsabi/l1/generic/sub-4005/ses-ofM/sub-4005_ses-ofM_task-JogB_acq-EPIlowcov_run-1_cbv_pfstat.nii.gz,1,ofM,4005,JogB,2.717219829559326,1.5962169170379639,3.1522128582000732,1.969808578491211,Generic,Generic,4005_ofM_cbv
14,EPIlowcov,BOLD,/home/chymera/.scratch/irsabi/l1/generic/sub-4005/ses-ofMaF/sub-4005_ses-ofMaF_task-JogB_acq-EPIlowcov_run-0_bold_pfstat.nii.gz,0,ofMaF,4005,JogB,2.070941686630249,1.3178175687789917,2.335564136505127,1.506540298461914,Generic,Generic,4005_ofMaF_bold
15,EPIlowcov,CBV,/home/chymera/.scratch/irsabi/l1/generic/sub-4005/ses-ofMaF/sub-4005_ses-ofMaF_task-JogB_acq-EPIlowcov_run-1_cbv_pfstat.nii.gz,1,ofMaF,4005,JogB,1.5147852897644043,1.052648901939392,1.2075049877166748,1.0005402565002441,Generic,Generic,4005_ofMaF_cbv
16,EPIlowcov,BOLD,/home/chymera/.scratch/irsabi/l1/generic/sub-4006/ses-ofM/sub-4006_ses-ofM_task-JogB_acq-EPIlowcov_run-0_bold_pfstat.nii.gz,0,ofM,4006,JogB,1.5230867862701416,1.0381417274475098,1.1871848106384277,0.8846691846847534,Generic,Generic,4006_ofM_bold
17,EPIlowcov,CBV,/home/chymera/.scratch/irsabi/l1/generic/sub-4006/ses-ofM/sub-4006_ses-ofM_task-JogB_acq-EPIlowcov_run-1_cbv_pfstat.nii.gz,1,ofM,4006,JogB,1.7488065958023071,1.2117561101913452,1.735298991203308,1.4176061153411865,Generic,Generic,4006_ofM_cbv
18,EPIlowcov,BOLD,/home/chymera/.scratch/irsabi/l1/generic/sub-4007/ses-ofM/sub-4007_ses-ofM_task-JogB_acq-EPIlowcov_run-0_bold_pfstat.nii.gz,0,ofM,4007,JogB,1.8333442211151123,1.2147161960601807,1.5789601802825928,1.137730598449707,Generic,Generic,4007_ofM_bold
19,EPIlowcov,CBV,/home/chymera/.scratch/irsabi/l1/generic/sub-4007/ses-ofM/sub-4007_ses-ofM_task-JogB_acq-EPIlowcov_run-1_cbv_pfstat.nii.gz,1,ofM,4007,JogB,2.243722677230835,1.4701039791107178,2.5956084728240967,2.2435779571533203,Generic,Generic,4007_ofM_cbv
20,EPIlowcov,BOLD,/home/chymera/.scratch/irsabi/l1/generic/sub-4007/ses-ofMaF/sub-4007_ses-ofMaF_task-JogB_acq-EPIlowcov_run-0_bold_pfstat.nii.gz,0,ofMaF,4007,JogB,3.1333136558532715,1.8375204801559448,3.192016124725342,2.0188121795654297,Generic,Generic,4007_ofMaF_bold
21,EPIlowcov,CBV,/home/chymera/.scratch/irsabi/l1/generic/sub-4007/ses-ofMaF/sub-4007_ses-ofMaF_task-JogB_acq-EPIlowcov_run-1_cbv_pfstat.nii.gz,1,ofMaF,4007,JogB,6.053889751434326,3.4791572093963623,2.313755989074707,1.5834118127822876,Generic,Generic,4007_ofMaF_cbv
22,EPIlowcov,BOLD,/home/chymera/.scratch/irsabi/l1/generic/sub-4007/ses-ofMcF1/sub-4007_ses-ofMcF1_task-JogB_acq-EPIlowcov_run-0_bold_pfstat.nii.gz,0,ofMcF1,4007,JogB,2.498979091644287,1.5244295597076416,1.410811424255371,1.1701736450195312,Generic,Generic,4007_ofMcF1_bold
23,EPIlowcov,CBV,/home/chymera/.scratch/irsabi/l1/generic/sub-4007/ses-ofMcF1/sub-4007_ses-ofMcF1_task-JogB_acq-EPIlowcov_run-1_cbv_pfstat.nii.gz,1,ofMcF1,4007,JogB,2.773808002471924,1.686704397201538,1.7401056289672852,1.366918921470642,Generic,Generic,4007_ofMcF1_cbv
24,EPIlowcov,BOLD,/home/chymera/.scratch/irsabi/l1/generic/sub-4007/ses-ofMcF2/sub-4007_ses-ofMcF2_task-JogB_acq-EPIlowcov_run-0_bold_pfstat.nii.gz,0,ofMcF2,4007,JogB,3.0807435512542725,1.9256565570831299,1.9778788089752197,1.526557445526123,Generic,Generic,4007_ofMcF2_bold
25,EPIlowcov,CBV,/home/chymera/.scratch/irsabi/l1/generic/sub-4007/ses-ofMcF2/sub-4007_ses-ofMcF2_task-JogB_acq-EPIlowcov_run-1_cbv_pfstat.nii.gz,1,ofMcF2,4007,JogB,4.747518062591553,2.594600200653076,3.5408222675323486,2.410592555999756,Generic,Generic,4007_ofMcF2_cbv
26,EPIlowcov,BOLD,/home/chymera/.scratch/irsabi/l1/generic/sub-4007/ses-ofMpF/sub-4007_ses-ofMpF_task-JogB_acq-EPIlowcov_run-0_bold_pfstat.nii.gz,0,ofMpF,4007,JogB,1.6645400524139404,1.1468392610549927,2.223496437072754,1.743280291557312,Generic,Generic,4007_ofMpF_bold
27,EPIlowcov,CBV,/home/chymera/.scratch/irsabi/l1/generic/sub-4007/ses-ofMpF/sub-4007_ses-ofMpF_task-JogB_acq-EPIlowcov_run-1_cbv_pfstat.nii.gz,1,ofMpF,4007,JogB,1.652014970779419,1.143129825592041,3.5226962566375732,2.8711748123168945,Generic,Generic,4007_ofMpF_cbv
28,EPIlowcov,BOLD,/home/chymera/.scratch/irsabi/l1/generic/sub-4008/ses-ofM/sub-4008_ses-ofM_task-JogB_acq-EPIlowcov_run-0_bold_pfstat.nii.gz,0,ofM,4008,JogB,2.1857664585113525,1.4475769996643066,1.594552755355835,1.4164775609970093,Generic,Generic,4008_ofM_bold
29,EPIlowcov,CBV,/home/chymera/.scratch/irsabi/l1/generic/sub-4008/ses-ofM/sub-4008_ses-ofM_task-JogB_acq-EPIlowcov_run-1_cbv_pfstat.nii.gz,1,ofM,4008,JogB,2.188988208770752,1.4051458835601807,1.261073112487793,1.0288361310958862,Generic,Generic,4008_ofM_cbv
30,EPIlowcov,BOLD,/home/chymera/.scratch/irsabi/l1/generic/sub-4008/ses-ofMaF/sub-4008_ses-ofMaF_task-JogB_acq-EPIlowcov_run-0_bold_pfstat.nii.gz,0,ofMaF,4008,JogB,5.330120086669922,3.08060359954834,1.377453327178955,0.9632631540298462,Generic,Generic,4008_ofMaF_bold
31,EPIlowcov,CBV,/home/chymera/.scratch/irsabi/l1/generic/sub-4008/ses-ofMaF/sub-4008_ses-ofMaF_task-JogB_acq-EPIlowcov_run-1_cbv_pfstat.nii.gz,1,ofMaF,4008,JogB,7.359043598175049,5.187101364135742,2.5110576152801514,2.3449745178222656,Generic,Generic,4008_ofMaF_cbv
32,EPIlowcov,BOLD,/home/chymera/.scratch/irsabi/l1/generic/sub-4008/ses-ofMcF1/sub-4008_ses-ofMcF1_task-JogB_acq-EPIlowcov_run-0_bold_pfstat.nii.gz,0,ofMcF1,4008,JogB,2.799766778945923,1.6597638130187988,1.5860328674316406,1.0069173574447632,Generic,Generic,4008_ofMcF1_bold
33,EPIlowcov,CBV,/home/chymera/.scratch/irsabi/l1/generic/sub-4008/ses-ofMcF1/sub-4008_ses-ofMcF1_task-JogB_acq-EPIlowcov_run-1_cbv_pfstat.nii.gz,1,ofMcF1,4008,JogB,1.756862998008728,1.159386157989502,0.7904141545295715,0.5872141122817993,Generic,Generic,4008_ofMcF1_cbv
34,EPIlowcov,BOLD,/home/chymera/.scratch/irsabi/l1/generic/sub-4008/ses-ofMcF2/sub-4008_ses-ofMcF2_task-JogB_acq-EPIlowcov_run-0_bold_pfstat.nii.gz,0,ofMcF2,4008,JogB,7.423280715942383,6.044784069061279,6.763797760009766,5.729457378387451,Generic,Generic,4008_ofMcF2_bold
35,EPIlowcov,CBV,/home/chymera/.scratch/irsabi/l1/generic/sub-4008/ses-ofMcF2/sub-4008_ses-ofMcF2_task-JogB_acq-EPIlowcov_run-1_cbv_pfstat.nii.gz,1,ofMcF2,4008,JogB,3.1563196182250977,1.76138436794281,4.0922017097473145,2.958719253540039,Generic,Generic,4008_ofMcF2_cbv
36,EPIlowcov,BOLD,/home/chymera/.scratch/irsabi/l1/generic/sub-4008/ses-ofMpF/sub-4008_ses-ofMpF_task-JogB_acq-EPIlowcov_run-0_bold_pfstat.nii.gz,0,ofMpF,4008,JogB,1.7974910736083984,1.232940435409546,2.3335421085357666,1.4639956951141357,Generic,Generic,4008_ofMpF_bold
37,EPIlowcov,CBV,/home/chymera/.scratch/irsabi/l1/generic/sub-4008/ses-ofMpF/sub-4008_ses-ofMpF_task-JogB_acq-EPIlowcov_run-1_cbv_pfstat.nii.gz,1,ofMpF,4008,JogB,1.9601236581802368,1.2626967430114746,1.1543793678283691,0.9786978960037231,Generic,Generic,4008_ofMpF_cbv
38,EPIlowcov,BOLD,/home/chymera/.scratch/irsabi/l1/generic/sub-4009/ses-ofM/sub-4009_ses-ofM_task-JogB_acq-EPIlowcov_run-0_bold_pfstat.nii.gz,0,ofM,4009,JogB,1.5917859077453613,1.1041126251220703,1.830472469329834,1.5114705562591553,Generic,Generic,4009_ofM_bold
39,EPIlowcov,CBV,/home/chymera/.scratch/irsabi/l1/generic/sub-4009/ses-ofM/sub-4009_ses-ofM_task-JogB_acq-EPIlowcov_run-1_cbv_pfstat.nii.gz,1,ofM,4009,JogB,1.6296237707138062,1.1247684955596924,2.939832925796509,2.4011635780334473,Generic,Generic,4009_ofM_cbv
40,EPIlowcov,BOLD,/home/chymera/.scratch/irsabi/l1/generic/sub-4009/ses-ofMaF/sub-4009_ses-ofMaF_task-JogB_acq-EPIlowcov_run-0_bold_pfstat.nii.gz,0,ofMaF,4009,JogB,1.5909274816513062,1.1045136451721191,1.7040971517562866,0.9769496321678162,Generic,Generic,4009_ofMaF_bold
41,EPIlowcov,CBV,/home/chymera/.scratch/irsabi/l1/generic/sub-4009/ses-ofMaF/sub-4009_ses-ofMaF_task-JogB_acq-EPIlowcov_run-1_cbv_pfstat.nii.gz,1,ofMaF,4009,JogB,1.5764354467391968,1.1072864532470703,1.7658544778823853,1.2325658798217773,Generic,Generic,4009_ofMaF_cbv
42,EPIlowcov,BOLD,/home/chymera/.scratch/irsabi/l1/generic/sub-4009/ses-ofMcF1/sub-4009_ses-ofMcF1_task-JogB_acq-EPIlowcov_run-0_bold_pfstat.nii.gz,0,ofMcF1,4009,JogB,1.8342949151992798,1.2832461595535278,2.0660204887390137,1.6179426908493042,Generic,Generic,4009_ofMcF1_bold
43,EPIlowcov,CBV,/home/chymera/.scratch/irsabi/l1/generic/sub-4009/ses-ofMcF1/sub-4009_ses-ofMcF1_task-JogB_acq-EPIlowcov_run-1_cbv_pfstat.nii.gz,1,ofMcF1,4009,JogB,1.5698282718658447,1.0751473903656006,0.9981037378311157,0.5196515321731567,Generic,Generic,4009_ofMcF1_cbv
44,EPIlowcov,BOLD,/home/chymera/.scratch/irsabi/l1/generic/sub-4009/ses-ofMcF2/sub-4009_ses-ofMcF2_task-JogB_acq-EPIlowcov_run-0_bold_pfstat.nii.gz,0,ofMcF2,4009,JogB,8.22949504852295,7.9131999015808105,9.12258243560791,9.490974426269531,Generic,Generic,4009_ofMcF2_bold
45,EPIlowcov,CBV,/home/chymera/.scratch/irsabi/l1/generic/sub-4009/ses-ofMcF2/sub-4009_ses-ofMcF2_task-JogB_acq-EPIlowcov_run-1_cbv_pfstat.nii.gz,1,ofMcF2,4009,JogB,1.8357558250427246,1.277982473373413,1.6696215867996216,1.3586817979812622,Generic,Generic,4009_ofMcF2_cbv
46,EPIlowcov,BOLD,/home/chymera/.scratch/irsabi/l1/generic/sub-4009/ses-ofMpF/sub-4009_ses-ofMpF_task-JogB_acq-EPIlowcov_run-0_bold_pfstat.nii.gz,0,ofMpF,4009,JogB,1.6943068504333496,1.151757001876831,1.6496304273605347,1.3263165950775146,Generic,Generic,4009_ofMpF_bold
47,EPIlowcov,CBV,/home/chymera/.scratch/irsabi/l1/generic/sub-4009/ses-ofMpF/sub-4009_ses-ofMpF_task-JogB_acq-EPIlowcov_run-1_cbv_pfstat.nii.gz,1,ofMpF,4009,JogB,1.616930365562439,1.1140165328979492,1.3840070962905884,0.8528506755828857,Generic,Generic,4009_ofMpF_cbv
48,EPIlowcov,BOLD,/home/chymera/.scratch/irsabi/l1/generic/sub-4011/ses-ofM/sub-4011_ses-ofM_task-JogB_acq-EPIlowcov_run-0_bold_pfstat.nii.gz,0,ofM,4011,JogB,1.8621184825897217,1.2175484895706177,2.2719788551330566,1.6601629257202148,Generic,Generic,4011_ofM_bold
49,EPIlowcov,CBV,/home/chymera/.scratch/irsabi/l1/generic/sub-4011/ses-ofM/sub-4011_ses-ofM_task-JogB_acq-EPIlowcov_run-1_cbv_pfstat.nii.gz,1,ofM,4011,JogB,3.5799567699432373,1.9923300743103027,2.3470356464385986,1.7739779949188232,Generic,Generic,4011_ofM_cbv
50,EPIlowcov,BOLD,/home/chymera/.scratch/irsabi/l1/generic/sub-4011/ses-ofMaF/sub-4011_ses-ofMaF_task-JogB_acq-EPIlowcov_run-0_bold_pfstat.nii.gz,0,ofMaF,4011,JogB,2.9702467918395996,1.6760132312774658,2.609402894973755,2.0794663429260254,Generic,Generic,4011_ofMaF_bold
51,EPIlowcov,CBV,/home/chymera/.scratch/irsabi/l1/generic/sub-4011/ses-ofMaF/sub-4011_ses-ofMaF_task-JogB_acq-EPIlowcov_run-1_cbv_pfstat.nii.gz,1,ofMaF,4011,JogB,6.487246513366699,3.9431629180908203,3.2233047485351562,1.89655601978302,Generic,Generic,4011_ofMaF_cbv
52,EPIlowcov,BOLD,/home/chymera/.scratch/irsabi/l1/generic/sub-4011/ses-ofMcF1/sub-4011_ses-ofMcF1_task-JogB_acq-EPIlowcov_run-0_bold_pfstat.nii.gz,0,ofMcF1,4011,JogB,3.5715293884277344,2.01187801361084,3.0096914768218994,2.095531940460205,Generic,Generic,4011_ofMcF1_bold
53,EPIlowcov,CBV,/home/chymera/.scratch/irsabi/l1/generic/sub-4011/ses-ofMcF1/sub-4011_ses-ofMcF1_task-JogB_acq-EPIlowcov_run-1_cbv_pfstat.nii.gz,1,ofMcF1,4011,JogB,5.745365142822266,3.3598856925964355,2.07127046585083,1.191664457321167,Generic,Generic,4011_ofMcF1_cbv
54,EPIlowcov,BOLD,/home/chymera/.scratch/irsabi/l1/generic/sub-4011/ses-ofMcF2/sub-4011_ses-ofMcF2_task-JogB_acq-EPIlowcov_run-0_bold_pfstat.nii.gz,0,ofMcF2,4011,JogB,3.069829225540161,1.8223872184753418,4.534524440765381,3.9104933738708496,Generic,Generic,4011_ofMcF2_bold
55,EPIlowcov,CBV,/home/chymera/.scratch/irsabi/l1/generic/sub-4011/ses-ofMcF2/sub-4011_ses-ofMcF2_task-JogB_acq-EPIlowcov_run-1_cbv_pfstat.nii.gz,1,ofMcF2,4011,JogB,2.1713321208953857,1.3632802963256836,3.0620198249816895,2.4153740406036377,Generic,Generic,4011_ofMcF2_cbv
56,EPIlowcov,BOLD,/home/chymera/.scratch/irsabi/l1/generic/sub-4012/ses-ofM/sub-4012_ses-ofM_task-JogB_acq-EPIlowcov_run-0_bold_pfstat.nii.gz,0,ofM,4012,JogB,1.60813307762146,1.0946664810180664,1.6789335012435913,1.1296195983886719,Generic,Generic,4012_ofM_bold
57,EPIlowcov,CBV,/home/chymera/.scratch/irsabi/l1/generic/sub-4012/ses-ofM/sub-4012_ses-ofM_task-JogB_acq-EPIlowcov_run-1_cbv_pfstat.nii.gz,1,ofM,4012,JogB,2.1873674392700195,1.370668649673462,1.8957762718200684,1.6865794658660889,Generic,Generic,4012_ofM_cbv
58,EPIlowcov,BOLD,/home/chymera/.scratch/irsabi/l1/generic/sub-4012/ses-ofMaF/sub-4012_ses-ofMaF_task-JogB_acq-EPIlowcov_run-0_bold_pfstat.nii.gz,0,ofMaF,4012,JogB,3.039172887802124,1.837454080581665,2.197840690612793,1.7816660404205322,Generic,Generic,4012_ofMaF_bold
59,EPIlowcov,CBV,/home/chymera/.scratch/irsabi/l1/generic/sub-4012/ses-ofMaF/sub-4012_ses-ofMaF_task-JogB_acq-EPIlowcov_run-1_cbv_pfstat.nii.gz,1,ofMaF,4012,JogB,1.6041576862335205,1.11458420753479,1.835599660873413,1.5457351207733154,Generic,Generic,4012_ofMaF_cbv
60,EPIlowcov,BOLD,/home/chymera/.scratch/irsabi/l1/generic/sub-4012/ses-ofMcF1/sub-4012_ses-ofMcF1_task-JogB_acq-EPIlowcov_run-0_bold_pfstat.nii.gz,0,ofMcF1,4012,JogB,1.7400966882705688,1.1862950325012207,2.479566812515259,1.7156875133514404,Generic,Generic,4012_ofMcF1_bold
61,EPIlowcov,CBV,/home/chymera/.scratch/irsabi/l1/generic/sub-4012/ses-ofMcF1/sub-4012_ses-ofMcF1_task-JogB_acq-EPIlowcov_run-1_cbv_pfstat.nii.gz,1,ofMcF1,4012,JogB,2.354449510574341,1.4420852661132812,1.4538182020187378,1.1588108539581299,Generic,Generic,4012_ofMcF1_cbv
62,EPIlowcov,BOLD,/home/chymera/.scratch/irsabi/l1/generic/sub-4012/ses-ofMcF2/sub-4012_ses-ofMcF2_task-JogB_acq-EPIlowcov_run-0_bold_pfstat.nii.gz,0,ofMcF2,4012,JogB,7.29044246673584,6.219475746154785,10.073660850524902,10.697891235351562,Generic,Generic,4012_ofMcF2_bold
63,EPIlowcov,CBV,/home/chymera/.scratch/irsabi/l1/generic/sub-4012/ses-ofMcF2/sub-4012_ses-ofMcF2_task-JogB_acq-EPIlowcov_run-1_cbv_pfstat.nii.gz,1,ofMcF2,4012,JogB,3.1979379653930664,1.9589934349060059,1.0927563905715942,0.6839240193367004,Generic,Generic,4012_ofMcF2_cbv
64,EPIlowcov,BOLD,/home/chymera/.scratch/irsabi/l1/generic/sub-4012/ses-ofMpF/sub-4012_ses-ofMpF_task-JogB_acq-EPIlowcov_run-0_bold_pfstat.nii.gz,0,ofMpF,4012,JogB,1.591842532157898,1.1126532554626465,0.9066002368927002,0.667961835861206,Generic,Generic,4012_ofMpF_bold
65,EPIlowcov,CBV,/home/chymera/.scratch/irsabi/l1/generic/sub-4012/ses-ofMpF/sub-4012_ses-ofMpF_task-JogB_acq-EPIlowcov_run-1_cbv_pfstat.nii.gz,1,ofMpF,4012,JogB,1.763586163520813,1.1846423149108887,2.38189959526062,1.36417818069458,Generic,Generic,4012_ofMpF_cbv
66,EPIlowcov,BOLD,/home/chymera/.scratch/irsabi/l1/generic/sub-4013/ses-ofM/sub-4013_ses-ofM_task-JogB_acq-EPIlowcov_run-0_bold_pfstat.nii.gz,0,ofM,4013,JogB,1.5506149530410767,1.0726563930511475,1.2632510662078857,0.819281816482544,Generic,Generic,4013_ofM_bold
67,EPIlowcov,CBV,/home/chymera/.scratch/irsabi/l1/generic/sub-4013/ses-ofM/sub-4013_ses-ofM_task-JogB_acq-EPIlowcov_run-1_cbv_pfstat.nii.gz,1,ofM,4013,JogB,1.5875645875930786,1.103844404220581,1.150019884109497,0.7761117219924927,Generic,Generic,4013_ofM_cbv
0,EPIlowcov,BOLD,/home/chymera/.scratch/irsabi/l1/generic_ambmc/sub-4001/ses-ofM/sub-4001_ses-ofM_task-JogB_acq-EPIlowcov_run-0_bold_pfstat.nii.gz,0,ofM,4001,JogB,1.6252050399780273,1.1147642135620117,2.0800490379333496,1.8779854774475098,Generic,Legacy,4001_ofM_bold
1,EPIlowcov,CBV,/home/chymera/.scratch/irsabi/l1/generic_ambmc/sub-4001/ses-ofM/sub-4001_ses-ofM_task-JogB_acq-EPIlowcov_run-1_cbv_pfstat.nii.gz,1,ofM,4001,JogB,1.50770103931427,1.0355209112167358,1.5191073417663574,1.1658620834350586,Generic,Legacy,4001_ofM_cbv
2,EPIlowcov,BOLD,/home/chymera/.scratch/irsabi/l1/generic_ambmc/sub-4001/ses-ofMaF/sub-4001_ses-ofMaF_task-JogB_acq-EPIlowcov_run-0_bold_pfstat.nii.gz,0,ofMaF,4001,JogB,2.079512596130371,1.3552393913269043,3.538614273071289,2.0882670879364014,Generic,Legacy,4001_ofMaF_bold
3,EPIlowcov,CBV,/home/chymera/.scratch/irsabi/l1/generic_ambmc/sub-4001/ses-ofMaF/sub-4001_ses-ofMaF_task-JogB_acq-EPIlowcov_run-1_cbv_pfstat.nii.gz,1,ofMaF,4001,JogB,1.6266283988952637,1.1101834774017334,1.7001210451126099,1.0736980438232422,Generic,Legacy,4001_ofMaF_cbv
4,EPIlowcov,BOLD,/home/chymera/.scratch/irsabi/l1/generic_ambmc/sub-4001/ses-ofMcF1/sub-4001_ses-ofMcF1_task-JogB_acq-EPIlowcov_run-0_bold_pfstat.nii.gz,0,ofMcF1,4001,JogB,1.9138603210449219,1.3216500282287598,3.065650701522827,1.8492741584777832,Generic,Legacy,4001_ofMcF1_bold
5,EPIlowcov,CBV,/home/chymera/.scratch/irsabi/l1/generic_ambmc/sub-4001/ses-ofMcF1/sub-4001_ses-ofMcF1_task-JogB_acq-EPIlowcov_run-1_cbv_pfstat.nii.gz,1,ofMcF1,4001,JogB,1.9249632358551025,1.285406231880188,2.996711254119873,1.4869157075881958,Generic,Legacy,4001_ofMcF1_cbv
6,EPIlowcov,BOLD,/home/chymera/.scratch/irsabi/l1/generic_ambmc/sub-4001/ses-ofMcF2/sub-4001_ses-ofMcF2_task-JogB_acq-EPIlowcov_run-0_bold_pfstat.nii.gz,0,ofMcF2,4001,JogB,1.9075413942337036,1.2715201377868652,3.8085973262786865,2.6730852127075195,Generic,Legacy,4001_ofMcF2_bold
7,EPIlowcov,CBV,/home/chymera/.scratch/irsabi/l1/generic_ambmc/sub-4001/ses-ofMcF2/sub-4001_ses-ofMcF2_task-JogB_acq-EPIlowcov_run-1_cbv_pfstat.nii.gz,1,ofMcF2,4001,JogB,1.887769103050232,1.2258329391479492,1.762831211090088,1.4130637645721436,Generic,Legacy,4001_ofMcF2_cbv
8,EPIlowcov,BOLD,/home/chymera/.scratch/irsabi/l1/generic_ambmc/sub-4002/ses-ofM/sub-4002_ses-ofM_task-JogB_acq-EPIlowcov_run-0_bold_pfstat.nii.gz,0,ofM,4002,JogB,2.4971415996551514,1.8160576820373535,2.0135767459869385,1.4017455577850342,Generic,Legacy,4002_ofM_bold
9,EPIlowcov,CBV,/home/chymera/.scratch/irsabi/l1/generic_ambmc/sub-4002/ses-ofM/sub-4002_ses-ofM_task-JogB_acq-EPIlowcov_run-1_cbv_pfstat.nii.gz,1,ofM,4002,JogB,1.629368782043457,1.1322933435440063,2.134119749069214,1.3353825807571411,Generic,Legacy,4002_ofM_cbv
10,EPIlowcov,BOLD,/home/chymera/.scratch/irsabi/l1/generic_ambmc/sub-4004/ses-ofM/sub-4004_ses-ofM_task-JogB_acq-EPIlowcov_run-0_bold_pfstat.nii.gz,0,ofM,4004,JogB,1.7372949123382568,1.1734447479248047,1.4504461288452148,1.3434925079345703,Generic,Legacy,4004_ofM_bold
11,EPIlowcov,CBV,/home/chymera/.scratch/irsabi/l1/generic_ambmc/sub-4004/ses-ofM/sub-4004_ses-ofM_task-JogB_acq-EPIlowcov_run-1_cbv_pfstat.nii.gz,1,ofM,4004,JogB,1.7699276208877563,1.206433892250061,2.2168335914611816,1.8481364250183105,Generic,Legacy,4004_ofM_cbv
12,EPIlowcov,BOLD,/home/chymera/.scratch/irsabi/l1/generic_ambmc/sub-4005/ses-ofM/sub-4005_ses-ofM_task-JogB_acq-EPIlowcov_run-0_bold_pfstat.nii.gz,0,ofM,4005,JogB,1.781038522720337,1.2016000747680664,3.6245977878570557,2.8681111335754395,Generic,Legacy,4005_ofM_bold
13,EPIlowcov,CBV,/home/chymera/.scratch/irsabi/l1/generic_ambmc/sub-4005/ses-ofM/sub-4005_ses-ofM_task-JogB_acq-EPIlowcov_run-1_cbv_pfstat.nii.gz,1,ofM,4005,JogB,2.6822123527526855,1.5814319849014282,1.8812377452850342,1.617832899093628,Generic,Legacy,4005_ofM_cbv
14,EPIlowcov,BOLD,/home/chymera/.scratch/irsabi/l1/generic_ambmc/sub-4005/ses-ofMaF/sub-4005_ses-ofMaF_task-JogB_acq-EPIlowcov_run-0_bold_pfstat.nii.gz,0,ofMaF,4005,JogB,2.076493978500366,1.3183791637420654,2.6019163131713867,2.0062289237976074,Generic,Legacy,4005_ofMaF_bold
15,EPIlowcov,CBV,/home/chymera/.scratch/irsabi/l1/generic_ambmc/sub-4005/ses-ofMaF/sub-4005_ses-ofMaF_task-JogB_acq-EPIlowcov_run-1_cbv_pfstat.nii.gz,1,ofMaF,4005,JogB,1.512770175933838,1.0417041778564453,1.1302573680877686,0.8727127909660339,Generic,Legacy,4005_ofMaF_cbv
16,EPIlowcov,BOLD,/home/chymera/.scratch/irsabi/l1/generic_ambmc/sub-4006/ses-ofM/sub-4006_ses-ofM_task-JogB_acq-EPIlowcov_run-0_bold_pfstat.nii.gz,0,ofM,4006,JogB,1.522825002670288,1.0384559631347656,1.1333582401275635,1.0447652339935303,Generic,Legacy,4006_ofM_bold
17,EPIlowcov,CBV,/home/chymera/.scratch/irsabi/l1/generic_ambmc/sub-4006/ses-ofM/sub-4006_ses-ofM_task-JogB_acq-EPIlowcov_run-1_cbv_pfstat.nii.gz,1,ofM,4006,JogB,1.7651879787445068,1.2029502391815186,1.5006535053253174,1.1539199352264404,Generic,Legacy,4006_ofM_cbv
18,EPIlowcov,BOLD,/home/chymera/.scratch/irsabi/l1/generic_ambmc/sub-4007/ses-ofM/sub-4007_ses-ofM_task-JogB_acq-EPIlowcov_run-0_bold_pfstat.nii.gz,0,ofM,4007,JogB,1.8241583108901978,1.2022514343261719,1.7554984092712402,1.4255136251449585,Generic,Legacy,4007_ofM_bold
19,EPIlowcov,CBV,/home/chymera/.scratch/irsabi/l1/generic_ambmc/sub-4007/ses-ofM/sub-4007_ses-ofM_task-JogB_acq-EPIlowcov_run-1_cbv_pfstat.nii.gz,1,ofM,4007,JogB,2.2487757205963135,1.4723575115203857,2.8328237533569336,2.289870500564575,Generic,Legacy,4007_ofM_cbv
20,EPIlowcov,BOLD,/home/chymera/.scratch/irsabi/l1/generic_ambmc/sub-4007/ses-ofMaF/sub-4007_ses-ofMaF_task-JogB_acq-EPIlowcov_run-0_bold_pfstat.nii.gz,0,ofMaF,4007,JogB,3.033724546432495,1.7761589288711548,2.662447929382324,1.669999361038208,Generic,Legacy,4007_ofMaF_bold
21,EPIlowcov,CBV,/home/chymera/.scratch/irsabi/l1/generic_ambmc/sub-4007/ses-ofMaF/sub-4007_ses-ofMaF_task-JogB_acq-EPIlowcov_run-1_cbv_pfstat.nii.gz,1,ofMaF,4007,JogB,5.682595252990723,3.1874701976776123,1.9301059246063232,1.143134355545044,Generic,Legacy,4007_ofMaF_cbv
22,EPIlowcov,BOLD,/home/chymera/.scratch/irsabi/l1/generic_ambmc/sub-4007/ses-ofMcF1/sub-4007_ses-ofMcF1_task-JogB_acq-EPIlowcov_run-0_bold_pfstat.nii.gz,0,ofMcF1,4007,JogB,2.471829414367676,1.4873042106628418,1.7529807090759277,1.4583425521850586,Generic,Legacy,4007_ofMcF1_bold
23,EPIlowcov,CBV,/home/chymera/.scratch/irsabi/l1/generic_ambmc/sub-4007/ses-ofMcF1/sub-4007_ses-ofMcF1_task-JogB_acq-EPIlowcov_run-1_cbv_pfstat.nii.gz,1,ofMcF1,4007,JogB,2.690478801727295,1.6517560482025146,2.1474287509918213,1.2394946813583374,Generic,Legacy,4007_ofMcF1_cbv
24,EPIlowcov,BOLD,/home/chymera/.scratch/irsabi/l1/generic_ambmc/sub-4007/ses-ofMcF2/sub-4007_ses-ofMcF2_task-JogB_acq-EPIlowcov_run-0_bold_pfstat.nii.gz,0,ofMcF2,4007,JogB,2.951754331588745,1.8433337211608887,1.8434492349624634,1.4379005432128906,Generic,Legacy,4007_ofMcF2_bold
25,EPIlowcov,CBV,/home/chymera/.scratch/irsabi/l1/generic_ambmc/sub-4007/ses-ofMcF2/sub-4007_ses-ofMcF2_task-JogB_acq-EPIlowcov_run-1_cbv_pfstat.nii.gz,1,ofMcF2,4007,JogB,4.412391662597656,2.346876621246338,3.1756951808929443,2.311695098876953,Generic,Legacy,4007_ofMcF2_cbv
26,EPIlowcov,BOLD,/home/chymera/.scratch/irsabi/l1/generic_ambmc/sub-4007/ses-ofMpF/sub-4007_ses-ofMpF_task-JogB_acq-EPIlowcov_run-0_bold_pfstat.nii.gz,0,ofMpF,4007,JogB,1.6584142446517944,1.1414268016815186,2.5567996501922607,2.059627056121826,Generic,Legacy,4007_ofMpF_bold
27,EPIlowcov,CBV,/home/chymera/.scratch/irsabi/l1/generic_ambmc/sub-4007/ses-ofMpF/sub-4007_ses-ofMpF_task-JogB_acq-EPIlowcov_run-1_cbv_pfstat.nii.gz,1,ofMpF,4007,JogB,1.650192141532898,1.1428873538970947,2.8720338344573975,2.120819568634033,Generic,Legacy,4007_ofMpF_cbv
28,EPIlowcov,BOLD,/home/chymera/.scratch/irsabi/l1/generic_ambmc/sub-4008/ses-ofM/sub-4008_ses-ofM_task-JogB_acq-EPIlowcov_run-0_bold_pfstat.nii.gz,0,ofM,4008,JogB,2.147367000579834,1.4219143390655518,1.4846910238265991,1.3753671646118164,Generic,Legacy,4008_ofM_bold
29,EPIlowcov,CBV,/home/chymera/.scratch/irsabi/l1/generic_ambmc/sub-4008/ses-ofM/sub-4008_ses-ofM_task-JogB_acq-EPIlowcov_run-1_cbv_pfstat.nii.gz,1,ofM,4008,JogB,2.1362736225128174,1.3739742040634155,1.0496032238006592,0.7867236137390137,Generic,Legacy,4008_ofM_cbv
30,EPIlowcov,BOLD,/home/chymera/.scratch/irsabi/l1/generic_ambmc/sub-4008/ses-ofMaF/sub-4008_ses-ofMaF_task-JogB_acq-EPIlowcov_run-0_bold_pfstat.nii.gz,0,ofMaF,4008,JogB,5.011631011962891,2.777434825897217,1.658287525177002,1.0282490253448486,Generic,Legacy,4008_ofMaF_bold
31,EPIlowcov,CBV,/home/chymera/.scratch/irsabi/l1/generic_ambmc/sub-4008/ses-ofMaF/sub-4008_ses-ofMaF_task-JogB_acq-EPIlowcov_run-1_cbv_pfstat.nii.gz,1,ofMaF,4008,JogB,6.6706085205078125,4.2353715896606445,2.5387299060821533,2.2992968559265137,Generic,Legacy,4008_ofMaF_cbv
32,EPIlowcov,BOLD,/home/chymera/.scratch/irsabi/l1/generic_ambmc/sub-4008/ses-ofMcF1/sub-4008_ses-ofMcF1_task-JogB_acq-EPIlowcov_run-0_bold_pfstat.nii.gz,0,ofMcF1,4008,JogB,2.738948345184326,1.6288840770721436,1.5756977796554565,1.2987260818481445,Generic,Legacy,4008_ofMcF1_bold
33,EPIlowcov,CBV,/home/chymera/.scratch/irsabi/l1/generic_ambmc/sub-4008/ses-ofMcF1/sub-4008_ses-ofMcF1_task-JogB_acq-EPIlowcov_run-1_cbv_pfstat.nii.gz,1,ofMcF1,4008,JogB,1.8089969158172607,1.1723690032958984,0.8314468860626221,0.6158250570297241,Generic,Legacy,4008_ofMcF1_cbv
34,EPIlowcov,BOLD,/home/chymera/.scratch/irsabi/l1/generic_ambmc/sub-4008/ses-ofMcF2/sub-4008_ses-ofMcF2_task-JogB_acq-EPIlowcov_run-0_bold_pfstat.nii.gz,0,ofMcF2,4008,JogB,6.649811267852783,4.8523640632629395,6.877828598022461,5.810375213623047,Generic,Legacy,4008_ofMcF2_bold
35,EPIlowcov,CBV,/home/chymera/.scratch/irsabi/l1/generic_ambmc/sub-4008/ses-ofMcF2/sub-4008_ses-ofMcF2_task-JogB_acq-EPIlowcov_run-1_cbv_pfstat.nii.gz,1,ofMcF2,4008,JogB,3.0170934200286865,1.6987731456756592,3.6748392581939697,3.088955879211426,Generic,Legacy,4008_ofMcF2_cbv
36,EPIlowcov,BOLD,/home/chymera/.scratch/irsabi/l1/generic_ambmc/sub-4008/ses-ofMpF/sub-4008_ses-ofMpF_task-JogB_acq-EPIlowcov_run-0_bold_pfstat.nii.gz,0,ofMpF,4008,JogB,1.806194543838501,1.225099802017212,2.2778072357177734,1.4530977010726929,Generic,Legacy,4008_ofMpF_bold
37,EPIlowcov,CBV,/home/chymera/.scratch/irsabi/l1/generic_ambmc/sub-4008/ses-ofMpF/sub-4008_ses-ofMpF_task-JogB_acq-EPIlowcov_run-1_cbv_pfstat.nii.gz,1,ofMpF,4008,JogB,1.9633803367614746,1.2667937278747559,1.2042505741119385,0.8958296775817871,Generic,Legacy,4008_ofMpF_cbv
38,EPIlowcov,BOLD,/home/chymera/.scratch/irsabi/l1/generic_ambmc/sub-4009/ses-ofM/sub-4009_ses-ofM_task-JogB_acq-EPIlowcov_run-0_bold_pfstat.nii.gz,0,ofM,4009,JogB,1.6010544300079346,1.1040213108062744,1.7480595111846924,1.4474378824234009,Generic,Legacy,4009_ofM_bold
39,EPIlowcov,CBV,/home/chymera/.scratch/irsabi/l1/generic_ambmc/sub-4009/ses-ofM/sub-4009_ses-ofM_task-JogB_acq-EPIlowcov_run-1_cbv_pfstat.nii.gz,1,ofM,4009,JogB,1.6142090559005737,1.1112992763519287,2.844787359237671,2.5702390670776367,Generic,Legacy,4009_ofM_cbv
40,EPIlowcov,BOLD,/home/chymera/.scratch/irsabi/l1/generic_ambmc/sub-4009/ses-ofMaF/sub-4009_ses-ofMaF_task-JogB_acq-EPIlowcov_run-0_bold_pfstat.nii.gz,0,ofMaF,4009,JogB,1.5786958932876587,1.0956822633743286,1.9334579706192017,1.4065830707550049,Generic,Legacy,4009_ofMaF_bold
41,EPIlowcov,CBV,/home/chymera/.scratch/irsabi/l1/generic_ambmc/sub-4009/ses-ofMaF/sub-4009_ses-ofMaF_task-JogB_acq-EPIlowcov_run-1_cbv_pfstat.nii.gz,1,ofMaF,4009,JogB,1.5929234027862549,1.1120973825454712,1.8381109237670898,1.233742356300354,Generic,Legacy,4009_ofMaF_cbv
42,EPIlowcov,BOLD,/home/chymera/.scratch/irsabi/l1/generic_ambmc/sub-4009/ses-ofMcF1/sub-4009_ses-ofMcF1_task-JogB_acq-EPIlowcov_run-0_bold_pfstat.nii.gz,0,ofMcF1,4009,JogB,1.802003264427185,1.2563962936401367,2.115330219268799,1.8084635734558105,Generic,Legacy,4009_ofMcF1_bold
43,EPIlowcov,CBV,/home/chymera/.scratch/irsabi/l1/generic_ambmc/sub-4009/ses-ofMcF1/sub-4009_ses-ofMcF1_task-JogB_acq-EPIlowcov_run-1_cbv_pfstat.nii.gz,1,ofMcF1,4009,JogB,1.5826187133789062,1.0886571407318115,1.1096445322036743,0.6331462860107422,Generic,Legacy,4009_ofMcF1_cbv
44,EPIlowcov,BOLD,/home/chymera/.scratch/irsabi/l1/generic_ambmc/sub-4009/ses-ofMcF2/sub-4009_ses-ofMcF2_task-JogB_acq-EPIlowcov_run-0_bold_pfstat.nii.gz,0,ofMcF2,4009,JogB,8.011772155761719,7.576710224151611,8.308160781860352,7.013096809387207,Generic,Legacy,4009_ofMcF2_bold
45,EPIlowcov,CBV,/home/chymera/.scratch/irsabi/l1/generic_ambmc/sub-4009/ses-ofMcF2/sub-4009_ses-ofMcF2_task-JogB_acq-EPIlowcov_run-1_cbv_pfstat.nii.gz,1,ofMcF2,4009,JogB,1.8249567747116089,1.272316575050354,2.242704391479492,1.903862476348877,Generic,Legacy,4009_ofMcF2_cbv
46,EPIlowcov,BOLD,/home/chymera/.scratch/irsabi/l1/generic_ambmc/sub-4009/ses-ofMpF/sub-4009_ses-ofMpF_task-JogB_acq-EPIlowcov_run-0_bold_pfstat.nii.gz,0,ofMpF,4009,JogB,1.7029191255569458,1.1445692777633667,1.4744160175323486,1.1275854110717773,Generic,Legacy,4009_ofMpF_bold
47,EPIlowcov,CBV,/home/chymera/.scratch/irsabi/l1/generic_ambmc/sub-4009/ses-ofMpF/sub-4009_ses-ofMpF_task-JogB_acq-EPIlowcov_run-1_cbv_pfstat.nii.gz,1,ofMpF,4009,JogB,1.6182818412780762,1.1092572212219238,1.2931580543518066,0.6421190500259399,Generic,Legacy,4009_ofMpF_cbv
48,EPIlowcov,BOLD,/home/chymera/.scratch/irsabi/l1/generic_ambmc/sub-4011/ses-ofM/sub-4011_ses-ofM_task-JogB_acq-EPIlowcov_run-0_bold_pfstat.nii.gz,0,ofM,4011,JogB,1.8469154834747314,1.213728427886963,3.2465555667877197,2.018430709838867,Generic,Legacy,4011_ofM_bold
49,EPIlowcov,CBV,/home/chymera/.scratch/irsabi/l1/generic_ambmc/sub-4011/ses-ofM/sub-4011_ses-ofM_task-JogB_acq-EPIlowcov_run-1_cbv_pfstat.nii.gz,1,ofM,4011,JogB,3.403294324874878,1.90082848072052,2.4216485023498535,2.0627553462982178,Generic,Legacy,4011_ofM_cbv
50,EPIlowcov,BOLD,/home/chymera/.scratch/irsabi/l1/generic_ambmc/sub-4011/ses-ofMaF/sub-4011_ses-ofMaF_task-JogB_acq-EPIlowcov_run-0_bold_pfstat.nii.gz,0,ofMaF,4011,JogB,2.876709222793579,1.6306208372116089,4.238750457763672,2.372648239135742,Generic,Legacy,4011_ofMaF_bold
51,EPIlowcov,CBV,/home/chymera/.scratch/irsabi/l1/generic_ambmc/sub-4011/ses-ofMaF/sub-4011_ses-ofMaF_task-JogB_acq-EPIlowcov_run-1_cbv_pfstat.nii.gz,1,ofMaF,4011,JogB,6.264434814453125,3.7058119773864746,3.7646734714508057,2.9217171669006348,Generic,Legacy,4011_ofMaF_cbv
52,EPIlowcov,BOLD,/home/chymera/.scratch/irsabi/l1/generic_ambmc/sub-4011/ses-ofMcF1/sub-4011_ses-ofMcF1_task-JogB_acq-EPIlowcov_run-0_bold_pfstat.nii.gz,0,ofMcF1,4011,JogB,3.4757752418518066,1.9532524347305298,4.082930564880371,1.9455657005310059,Generic,Legacy,4011_ofMcF1_bold
53,EPIlowcov,CBV,/home/chymera/.scratch/irsabi/l1/generic_ambmc/sub-4011/ses-ofMcF1/sub-4011_ses-ofMcF1_task-JogB_acq-EPIlowcov_run-1_cbv_pfstat.nii.gz,1,ofMcF1,4011,JogB,5.380826950073242,3.0773062705993652,1.8869985342025757,1.0055477619171143,Generic,Legacy,4011_ofMcF1_cbv
54,EPIlowcov,BOLD,/home/chymera/.scratch/irsabi/l1/generic_ambmc/sub-4011/ses-ofMcF2/sub-4011_ses-ofMcF2_task-JogB_acq-EPIlowcov_run-0_bold_pfstat.nii.gz,0,ofMcF2,4011,JogB,2.9101662635803223,1.7204725742340088,3.4084019660949707,2.5570926666259766,Generic,Legacy,4011_ofMcF2_bold
55,EPIlowcov,CBV,/home/chymera/.scratch/irsabi/l1/generic_ambmc/sub-4011/ses-ofMcF2/sub-4011_ses-ofMcF2_task-JogB_acq-EPIlowcov_run-1_cbv_pfstat.nii.gz,1,ofMcF2,4011,JogB,2.1113622188568115,1.337890863418579,3.0015063285827637,2.0987627506256104,Generic,Legacy,4011_ofMcF2_cbv
56,EPIlowcov,BOLD,/home/chymera/.scratch/irsabi/l1/generic_ambmc/sub-4012/ses-ofM/sub-4012_ses-ofM_task-JogB_acq-EPIlowcov_run-0_bold_pfstat.nii.gz,0,ofM,4012,JogB,1.6129158735275269,1.087468147277832,1.3820072412490845,1.1756176948547363,Generic,Legacy,4012_ofM_bold
57,EPIlowcov,CBV,/home/chymera/.scratch/irsabi/l1/generic_ambmc/sub-4012/ses-ofM/sub-4012_ses-ofM_task-JogB_acq-EPIlowcov_run-1_cbv_pfstat.nii.gz,1,ofM,4012,JogB,2.220144271850586,1.3743870258331299,1.5627564191818237,1.3706172704696655,Generic,Legacy,4012_ofM_cbv
58,EPIlowcov,BOLD,/home/chymera/.scratch/irsabi/l1/generic_ambmc/sub-4012/ses-ofMaF/sub-4012_ses-ofMaF_task-JogB_acq-EPIlowcov_run-0_bold_pfstat.nii.gz,0,ofMaF,4012,JogB,2.9752931594848633,1.7675669193267822,2.44077467918396,1.4327328205108643,Generic,Legacy,4012_ofMaF_bold
59,EPIlowcov,CBV,/home/chymera/.scratch/irsabi/l1/generic_ambmc/sub-4012/ses-ofMaF/sub-4012_ses-ofMaF_task-JogB_acq-EPIlowcov_run-1_cbv_pfstat.nii.gz,1,ofMaF,4012,JogB,1.6260520219802856,1.123396873474121,1.7808027267456055,1.7518210411071777,Generic,Legacy,4012_ofMaF_cbv
60,EPIlowcov,BOLD,/home/chymera/.scratch/irsabi/l1/generic_ambmc/sub-4012/ses-ofMcF1/sub-4012_ses-ofMcF1_task-JogB_acq-EPIlowcov_run-0_bold_pfstat.nii.gz,0,ofMcF1,4012,JogB,1.7528499364852905,1.1824208498001099,2.3954057693481445,1.3388795852661133,Generic,Legacy,4012_ofMcF1_bold
61,EPIlowcov,CBV,/home/chymera/.scratch/irsabi/l1/generic_ambmc/sub-4012/ses-ofMcF1/sub-4012_ses-ofMcF1_task-JogB_acq-EPIlowcov_run-1_cbv_pfstat.nii.gz,1,ofMcF1,4012,JogB,2.2663559913635254,1.3982958793640137,1.5801429748535156,1.0724706649780273,Generic,Legacy,4012_ofMcF1_cbv
62,EPIlowcov,BOLD,/home/chymera/.scratch/irsabi/l1/generic_ambmc/sub-4012/ses-ofMcF2/sub-4012_ses-ofMcF2_task-JogB_acq-EPIlowcov_run-0_bold_pfstat.nii.gz,0,ofMcF2,4012,JogB,6.596161842346191,5.035552501678467,9.233807563781738,9.8509521484375,Generic,Legacy,4012_ofMcF2_bold
63,EPIlowcov,CBV,/home/chymera/.scratch/irsabi/l1/generic_ambmc/sub-4012/ses-ofMcF2/sub-4012_ses-ofMcF2_task-JogB_acq-EPIlowcov_run-1_cbv_pfstat.nii.gz,1,ofMcF2,4012,JogB,3.0608716011047363,1.8218845129013062,1.1429861783981323,0.6118638515472412,Generic,Legacy,4012_ofMcF2_cbv
64,EPIlowcov,BOLD,/home/chymera/.scratch/irsabi/l1/generic_ambmc/sub-4012/ses-ofMpF/sub-4012_ses-ofMpF_task-JogB_acq-EPIlowcov_run-0_bold_pfstat.nii.gz,0,ofMpF,4012,JogB,1.5802652835845947,1.1088321208953857,0.9458888173103333,0.7001715898513794,Generic,Legacy,4012_ofMpF_bold
65,EPIlowcov,CBV,/home/chymera/.scratch/irsabi/l1/generic_ambmc/sub-4012/ses-ofMpF/sub-4012_ses-ofMpF_task-JogB_acq-EPIlowcov_run-1_cbv_pfstat.nii.gz,1,ofMpF,4012,JogB,1.7372870445251465,1.1750822067260742,2.4522461891174316,1.4911375045776367,Generic,Legacy,4012_ofMpF_cbv
66,EPIlowcov,BOLD,/home/chymera/.scratch/irsabi/l1/generic_ambmc/sub-4013/ses-ofM/sub-4013_ses-ofM_task-JogB_acq-EPIlowcov_run-0_bold_pfstat.nii.gz,0,ofM,4013,JogB,1.5510390996932983,1.0730465650558472,1.0765516757965088,0.7404173016548157,Generic,Legacy,4013_ofM_bold
67,EPIlowcov,CBV,/home/chymera/.scratch/irsabi/l1/generic_ambmc/sub-4013/ses-ofM/sub-4013_ses-ofM_task-JogB_acq-EPIlowcov_run-1_cbv_pfstat.nii.gz,1,ofM,4013,JogB,1.592996597290039,1.101407527923584,1.3148608207702637,0.8630605936050415,Generic,Legacy,4013_ofM_cbv
0,EPIlowcov,BOLD,/home/chymera/.scratch/irsabi/l1/legacy/sub-4001/ses-ofM/sub-4001_ses-ofM_task-JogB_acq-EPIlowcov_run-0_bold_pfstat.nii.gz,0,ofM,4001,JogB,1.7686086893081665,1.195069432258606,2.1884572505950928,1.868271827697754,Legacy,Legacy,4001_ofM_bold
1,EPIlowcov,CBV,/home/chymera/.scratch/irsabi/l1/legacy/sub-4001/ses-ofM/sub-4001_ses-ofM_task-JogB_acq-EPIlowcov_run-1_cbv_pfstat.nii.gz,1,ofM,4001,JogB,1.5162736177444458,1.0450760126113892,1.6983017921447754,1.4888396263122559,Legacy,Legacy,4001_ofM_cbv
2,EPIlowcov,BOLD,/home/chymera/.scratch/irsabi/l1/legacy/sub-4001/ses-ofMaF/sub-4001_ses-ofMaF_task-JogB_acq-EPIlowcov_run-0_bold_pfstat.nii.gz,0,ofMaF,4001,JogB,2.6590657234191895,1.6808815002441406,1.4660533666610718,1.1563818454742432,Legacy,Legacy,4001_ofMaF_bold
3,EPIlowcov,CBV,/home/chymera/.scratch/irsabi/l1/legacy/sub-4001/ses-ofMaF/sub-4001_ses-ofMaF_task-JogB_acq-EPIlowcov_run-1_cbv_pfstat.nii.gz,1,ofMaF,4001,JogB,1.6614447832107544,1.148374319076538,2.1794626712799072,1.5833088159561157,Legacy,Legacy,4001_ofMaF_cbv
4,EPIlowcov,BOLD,/home/chymera/.scratch/irsabi/l1/legacy/sub-4001/ses-ofMcF1/sub-4001_ses-ofMcF1_task-JogB_acq-EPIlowcov_run-0_bold_pfstat.nii.gz,0,ofMcF1,4001,JogB,2.4034502506256104,1.6702773571014404,6.431671619415283,5.171293258666992,Legacy,Legacy,4001_ofMcF1_bold
5,EPIlowcov,CBV,/home/chymera/.scratch/irsabi/l1/legacy/sub-4001/ses-ofMcF1/sub-4001_ses-ofMcF1_task-JogB_acq-EPIlowcov_run-1_cbv_pfstat.nii.gz,1,ofMcF1,4001,JogB,2.3969900608062744,1.5434532165527344,8.59678840637207,8.391143798828125,Legacy,Legacy,4001_ofMcF1_cbv
6,EPIlowcov,BOLD,/home/chymera/.scratch/irsabi/l1/legacy/sub-4001/ses-ofMcF2/sub-4001_ses-ofMcF2_task-JogB_acq-EPIlowcov_run-0_bold_pfstat.nii.gz,0,ofMcF2,4001,JogB,2.2390332221984863,1.4388535022735596,1.6645089387893677,1.095520257949829,Legacy,Legacy,4001_ofMcF2_bold
7,EPIlowcov,CBV,/home/chymera/.scratch/irsabi/l1/legacy/sub-4001/ses-ofMcF2/sub-4001_ses-ofMcF2_task-JogB_acq-EPIlowcov_run-1_cbv_pfstat.nii.gz,1,ofMcF2,4001,JogB,2.105639696121216,1.316374659538269,3.2592833042144775,3.0597803592681885,Legacy,Legacy,4001_ofMcF2_cbv
8,EPIlowcov,BOLD,/home/chymera/.scratch/irsabi/l1/legacy/sub-4002/ses-ofM/sub-4002_ses-ofM_task-JogB_acq-EPIlowcov_run-0_bold_pfstat.nii.gz,0,ofM,4002,JogB,3.6799957752227783,2.952158212661743,4.442538261413574,4.273808479309082,Legacy,Legacy,4002_ofM_bold
9,EPIlowcov,CBV,/home/chymera/.scratch/irsabi/l1/legacy/sub-4002/ses-ofM/sub-4002_ses-ofM_task-JogB_acq-EPIlowcov_run-1_cbv_pfstat.nii.gz,1,ofM,4002,JogB,1.7073837518692017,1.1708300113677979,3.092747688293457,2.0604705810546875,Legacy,Legacy,4002_ofM_cbv
10,EPIlowcov,BOLD,/home/chymera/.scratch/irsabi/l1/legacy/sub-4004/ses-ofM/sub-4004_ses-ofM_task-JogB_acq-EPIlowcov_run-0_bold_pfstat.nii.gz,0,ofM,4004,JogB,1.9721009731292725,1.3011879920959473,1.635267734527588,1.2022993564605713,Legacy,Legacy,4004_ofM_bold
11,EPIlowcov,CBV,/home/chymera/.scratch/irsabi/l1/legacy/sub-4004/ses-ofM/sub-4004_ses-ofM_task-JogB_acq-EPIlowcov_run-1_cbv_pfstat.nii.gz,1,ofM,4004,JogB,1.9539810419082642,1.2854115962982178,2.3137102127075195,2.0584001541137695,Legacy,Legacy,4004_ofM_cbv
12,EPIlowcov,BOLD,/home/chymera/.scratch/irsabi/l1/legacy/sub-4005/ses-ofM/sub-4005_ses-ofM_task-JogB_acq-EPIlowcov_run-0_bold_pfstat.nii.gz,0,ofM,4005,JogB,2.0433859825134277,1.3701788187026978,2.9070215225219727,2.86891508102417,Legacy,Legacy,4005_ofM_bold
13,EPIlowcov,CBV,/home/chymera/.scratch/irsabi/l1/legacy/sub-4005/ses-ofM/sub-4005_ses-ofM_task-JogB_acq-EPIlowcov_run-1_cbv_pfstat.nii.gz,1,ofM,4005,JogB,3.3816640377044678,1.9257779121398926,4.079198837280273,2.7239203453063965,Legacy,Legacy,4005_ofM_cbv
14,EPIlowcov,BOLD,/home/chymera/.scratch/irsabi/l1/legacy/sub-4005/ses-ofMaF/sub-4005_ses-ofMaF_task-JogB_acq-EPIlowcov_run-0_bold_pfstat.nii.gz,0,ofMaF,4005,JogB,2.5220494270324707,1.5493195056915283,1.904220461845398,1.15775728225708,Legacy,Legacy,4005_ofMaF_bold
15,EPIlowcov,CBV,/home/chymera/.scratch/irsabi/l1/legacy/sub-4005/ses-ofMaF/sub-4005_ses-ofMaF_task-JogB_acq-EPIlowcov_run-1_cbv_pfstat.nii.gz,1,ofMaF,4005,JogB,1.534326434135437,1.0498321056365967,1.0048277378082275,0.8213017582893372,Legacy,Legacy,4005_ofMaF_cbv
16,EPIlowcov,BOLD,/home/chymera/.scratch/irsabi/l1/legacy/sub-4006/ses-ofM/sub-4006_ses-ofM_task-JogB_acq-EPIlowcov_run-0_bold_pfstat.nii.gz,0,ofM,4006,JogB,1.5058058500289917,1.02653968334198,1.9340966939926147,0.8721197843551636,Legacy,Legacy,4006_ofM_bold
17,EPIlowcov,CBV,/home/chymera/.scratch/irsabi/l1/legacy/sub-4006/ses-ofM/sub-4006_ses-ofM_task-JogB_acq-EPIlowcov_run-1_cbv_pfstat.nii.gz,1,ofM,4006,JogB,1.9195631742477417,1.3035571575164795,2.0355870723724365,1.0896387100219727,Legacy,Legacy,4006_ofM_cbv
18,EPIlowcov,BOLD,/home/chymera/.scratch/irsabi/l1/legacy/sub-4007/ses-ofM/sub-4007_ses-ofM_task-JogB_acq-EPIlowcov_run-0_bold_pfstat.nii.gz,0,ofM,4007,JogB,2.061723470687866,1.2932288646697998,3.664647102355957,3.1806676387786865,Legacy,Legacy,4007_ofM_bold
19,EPIlowcov,CBV,/home/chymera/.scratch/irsabi/l1/legacy/sub-4007/ses-ofM/sub-4007_ses-ofM_task-JogB_acq-EPIlowcov_run-1_cbv_pfstat.nii.gz,1,ofM,4007,JogB,2.7219038009643555,1.7508001327514648,3.5975515842437744,3.433925151824951,Legacy,Legacy,4007_ofM_cbv
20,EPIlowcov,BOLD,/home/chymera/.scratch/irsabi/l1/legacy/sub-4007/ses-ofMaF/sub-4007_ses-ofMaF_task-JogB_acq-EPIlowcov_run-0_bold_pfstat.nii.gz,0,ofMaF,4007,JogB,4.158777713775635,2.4186668395996094,1.938875436782837,1.4302632808685303,Legacy,Legacy,4007_ofMaF_bold
21,EPIlowcov,CBV,/home/chymera/.scratch/irsabi/l1/legacy/sub-4007/ses-ofMaF/sub-4007_ses-ofMaF_task-JogB_acq-EPIlowcov_run-1_cbv_pfstat.nii.gz,1,ofMaF,4007,JogB,7.436681747436523,5.251739025115967,2.009070634841919,1.1486170291900635,Legacy,Legacy,4007_ofMaF_cbv
22,EPIlowcov,BOLD,/home/chymera/.scratch/irsabi/l1/legacy/sub-4007/ses-ofMcF1/sub-4007_ses-ofMcF1_task-JogB_acq-EPIlowcov_run-0_bold_pfstat.nii.gz,0,ofMcF1,4007,JogB,3.3274874687194824,1.9346694946289062,1.4940818548202515,1.0477542877197266,Legacy,Legacy,4007_ofMcF1_bold
23,EPIlowcov,CBV,/home/chymera/.scratch/irsabi/l1/legacy/sub-4007/ses-ofMcF1/sub-4007_ses-ofMcF1_task-JogB_acq-EPIlowcov_run-1_cbv_pfstat.nii.gz,1,ofMcF1,4007,JogB,3.4863433837890625,2.087167739868164,1.8561177253723145,1.2655880451202393,Legacy,Legacy,4007_ofMcF1_cbv
24,EPIlowcov,BOLD,/home/chymera/.scratch/irsabi/l1/legacy/sub-4007/ses-ofMcF2/sub-4007_ses-ofMcF2_task-JogB_acq-EPIlowcov_run-0_bold_pfstat.nii.gz,0,ofMcF2,4007,JogB,4.090792179107666,2.532539129257202,3.20442533493042,2.1930882930755615,Legacy,Legacy,4007_ofMcF2_bold
25,EPIlowcov,CBV,/home/chymera/.scratch/irsabi/l1/legacy/sub-4007/ses-ofMcF2/sub-4007_ses-ofMcF2_task-JogB_acq-EPIlowcov_run-1_cbv_pfstat.nii.gz,1,ofMcF2,4007,JogB,5.75731086730957,3.3378963470458984,3.7901673316955566,3.137413740158081,Legacy,Legacy,4007_ofMcF2_cbv
26,EPIlowcov,BOLD,/home/chymera/.scratch/irsabi/l1/legacy/sub-4007/ses-ofMpF/sub-4007_ses-ofMpF_task-JogB_acq-EPIlowcov_run-0_bold_pfstat.nii.gz,0,ofMpF,4007,JogB,1.783435344696045,1.2273374795913696,1.5983426570892334,1.4015319347381592,Legacy,Legacy,4007_ofMpF_bold
27,EPIlowcov,CBV,/home/chymera/.scratch/irsabi/l1/legacy/sub-4007/ses-ofMpF/sub-4007_ses-ofMpF_task-JogB_acq-EPIlowcov_run-1_cbv_pfstat.nii.gz,1,ofMpF,4007,JogB,1.7667880058288574,1.2141906023025513,1.2457643747329712,1.032944917678833,Legacy,Legacy,4007_ofMpF_cbv
28,EPIlowcov,BOLD,/home/chymera/.scratch/irsabi/l1/legacy/sub-4008/ses-ofM/sub-4008_ses-ofM_task-JogB_acq-EPIlowcov_run-0_bold_pfstat.nii.gz,0,ofM,4008,JogB,2.8216469287872314,1.8679534196853638,1.929132103919983,1.2746107578277588,Legacy,Legacy,4008_ofM_bold
29,EPIlowcov,CBV,/home/chymera/.scratch/irsabi/l1/legacy/sub-4008/ses-ofM/sub-4008_ses-ofM_task-JogB_acq-EPIlowcov_run-1_cbv_pfstat.nii.gz,1,ofM,4008,JogB,2.5611889362335205,1.6034886837005615,0.7727910280227661,0.6067274808883667,Legacy,Legacy,4008_ofM_cbv
30,EPIlowcov,BOLD,/home/chymera/.scratch/irsabi/l1/legacy/sub-4008/ses-ofMaF/sub-4008_ses-ofMaF_task-JogB_acq-EPIlowcov_run-0_bold_pfstat.nii.gz,0,ofMaF,4008,JogB,6.920175552368164,4.629934310913086,1.325445532798767,1.1278377771377563,Legacy,Legacy,4008_ofMaF_bold
31,EPIlowcov,CBV,/home/chymera/.scratch/irsabi/l1/legacy/sub-4008/ses-ofMaF/sub-4008_ses-ofMaF_task-JogB_acq-EPIlowcov_run-1_cbv_pfstat.nii.gz,1,ofMaF,4008,JogB,8.688141822814941,7.8224945068359375,2.807278871536255,2.1819839477539062,Legacy,Legacy,4008_ofMaF_cbv
32,EPIlowcov,BOLD,/home/chymera/.scratch/irsabi/l1/legacy/sub-4008/ses-ofMcF1/sub-4008_ses-ofMcF1_task-JogB_acq-EPIlowcov_run-0_bold_pfstat.nii.gz,0,ofMcF1,4008,JogB,3.733246088027954,2.1331305503845215,1.7025858163833618,1.2900969982147217,Legacy,Legacy,4008_ofMcF1_bold
33,EPIlowcov,CBV,/home/chymera/.scratch/irsabi/l1/legacy/sub-4008/ses-ofMcF1/sub-4008_ses-ofMcF1_task-JogB_acq-EPIlowcov_run-1_cbv_pfstat.nii.gz,1,ofMcF1,4008,JogB,1.7906744480133057,1.1638388633728027,0.9550555348396301,0.6080034375190735,Legacy,Legacy,4008_ofMcF1_cbv
34,EPIlowcov,BOLD,/home/chymera/.scratch/irsabi/l1/legacy/sub-4008/ses-ofMcF2/sub-4008_ses-ofMcF2_task-JogB_acq-EPIlowcov_run-0_bold_pfstat.nii.gz,0,ofMcF2,4008,JogB,10.609684944152832,12.332634925842285,9.138246536254883,8.824378967285156,Legacy,Legacy,4008_ofMcF2_bold
35,EPIlowcov,CBV,/home/chymera/.scratch/irsabi/l1/legacy/sub-4008/ses-ofMcF2/sub-4008_ses-ofMcF2_task-JogB_acq-EPIlowcov_run-1_cbv_pfstat.nii.gz,1,ofMcF2,4008,JogB,3.86251163482666,2.059297561645508,2.3258864879608154,2.0354785919189453,Legacy,Legacy,4008_ofMcF2_cbv
36,EPIlowcov,BOLD,/home/chymera/.scratch/irsabi/l1/legacy/sub-4008/ses-ofMpF/sub-4008_ses-ofMpF_task-JogB_acq-EPIlowcov_run-0_bold_pfstat.nii.gz,0,ofMpF,4008,JogB,1.91897451877594,1.298116683959961,1.7838791608810425,1.50382661819458,Legacy,Legacy,4008_ofMpF_bold
37,EPIlowcov,CBV,/home/chymera/.scratch/irsabi/l1/legacy/sub-4008/ses-ofMpF/sub-4008_ses-ofMpF_task-JogB_acq-EPIlowcov_run-1_cbv_pfstat.nii.gz,1,ofMpF,4008,JogB,2.166846513748169,1.3397667407989502,1.460555076599121,1.008880853652954,Legacy,Legacy,4008_ofMpF_cbv
38,EPIlowcov,BOLD,/home/chymera/.scratch/irsabi/l1/legacy/sub-4009/ses-ofM/sub-4009_ses-ofM_task-JogB_acq-EPIlowcov_run-0_bold_pfstat.nii.gz,0,ofM,4009,JogB,1.6292848587036133,1.1277549266815186,1.3053638935089111,1.0710346698760986,Legacy,Legacy,4009_ofM_bold
39,EPIlowcov,CBV,/home/chymera/.scratch/irsabi/l1/legacy/sub-4009/ses-ofM/sub-4009_ses-ofM_task-JogB_acq-EPIlowcov_run-1_cbv_pfstat.nii.gz,1,ofM,4009,JogB,1.6521086692810059,1.1327073574066162,1.4118092060089111,1.193313717842102,Legacy,Legacy,4009_ofM_cbv
40,EPIlowcov,BOLD,/home/chymera/.scratch/irsabi/l1/legacy/sub-4009/ses-ofMaF/sub-4009_ses-ofMaF_task-JogB_acq-EPIlowcov_run-0_bold_pfstat.nii.gz,0,ofMaF,4009,JogB,1.589965581893921,1.110872745513916,2.4984824657440186,2.1777994632720947,Legacy,Legacy,4009_ofMaF_bold
41,EPIlowcov,CBV,/home/chymera/.scratch/irsabi/l1/legacy/sub-4009/ses-ofMaF/sub-4009_ses-ofMaF_task-JogB_acq-EPIlowcov_run-1_cbv_pfstat.nii.gz,1,ofMaF,4009,JogB,1.635600209236145,1.1471645832061768,1.7262033224105835,1.273557424545288,Legacy,Legacy,4009_ofMaF_cbv
42,EPIlowcov,BOLD,/home/chymera/.scratch/irsabi/l1/legacy/sub-4009/ses-ofMcF1/sub-4009_ses-ofMcF1_task-JogB_acq-EPIlowcov_run-0_bold_pfstat.nii.gz,0,ofMcF1,4009,JogB,2.230578899383545,1.5899099111557007,1.5011862516403198,1.3529717922210693,Legacy,Legacy,4009_ofMcF1_bold
43,EPIlowcov,CBV,/home/chymera/.scratch/irsabi/l1/legacy/sub-4009/ses-ofMcF1/sub-4009_ses-ofMcF1_task-JogB_acq-EPIlowcov_run-1_cbv_pfstat.nii.gz,1,ofMcF1,4009,JogB,1.5660043954849243,1.075860619544983,0.8089954853057861,0.5923593044281006,Legacy,Legacy,4009_ofMcF1_cbv
44,EPIlowcov,BOLD,/home/chymera/.scratch/irsabi/l1/legacy/sub-4009/ses-ofMcF2/sub-4009_ses-ofMcF2_task-JogB_acq-EPIlowcov_run-0_bold_pfstat.nii.gz,0,ofMcF2,4009,JogB,11.135483741760254,12.583706855773926,14.739870071411133,15.804075241088867,Legacy,Legacy,4009_ofMcF2_bold
45,EPIlowcov,CBV,/home/chymera/.scratch/irsabi/l1/legacy/sub-4009/ses-ofMcF2/sub-4009_ses-ofMcF2_task-JogB_acq-EPIlowcov_run-1_cbv_pfstat.nii.gz,1,ofMcF2,4009,JogB,2.0466182231903076,1.465965747833252,2.5152783393859863,1.721360445022583,Legacy,Legacy,4009_ofMcF2_cbv
46,EPIlowcov,BOLD,/home/chymera/.scratch/irsabi/l1/legacy/sub-4009/ses-ofMpF/sub-4009_ses-ofMpF_task-JogB_acq-EPIlowcov_run-0_bold_pfstat.nii.gz,0,ofMpF,4009,JogB,1.7812875509262085,1.1931617259979248,2.174557685852051,1.9981024265289307,Legacy,Legacy,4009_ofMpF_bold
47,EPIlowcov,CBV,/home/chymera/.scratch/irsabi/l1/legacy/sub-4009/ses-ofMpF/sub-4009_ses-ofMpF_task-JogB_acq-EPIlowcov_run-1_cbv_pfstat.nii.gz,1,ofMpF,4009,JogB,1.6513501405715942,1.145016074180603,2.1556949615478516,1.215671181678772,Legacy,Legacy,4009_ofMpF_cbv
48,EPIlowcov,BOLD,/home/chymera/.scratch/irsabi/l1/legacy/sub-4011/ses-ofM/sub-4011_ses-ofM_task-JogB_acq-EPIlowcov_run-0_bold_pfstat.nii.gz,0,ofM,4011,JogB,2.143555164337158,1.3354136943817139,6.729093551635742,6.30008602142334,Legacy,Legacy,4011_ofM_bold
49,EPIlowcov,CBV,/home/chymera/.scratch/irsabi/l1/legacy/sub-4011/ses-ofM/sub-4011_ses-ofM_task-JogB_acq-EPIlowcov_run-1_cbv_pfstat.nii.gz,1,ofM,4011,JogB,4.217076301574707,2.322072744369507,4.896425724029541,3.6173596382141113,Legacy,Legacy,4011_ofM_cbv
50,EPIlowcov,BOLD,/home/chymera/.scratch/irsabi/l1/legacy/sub-4011/ses-ofMaF/sub-4011_ses-ofMaF_task-JogB_acq-EPIlowcov_run-0_bold_pfstat.nii.gz,0,ofMaF,4011,JogB,3.4375722408294678,1.8963977098464966,3.0306694507598877,1.8852226734161377,Legacy,Legacy,4011_ofMaF_bold
51,EPIlowcov,CBV,/home/chymera/.scratch/irsabi/l1/legacy/sub-4011/ses-ofMaF/sub-4011_ses-ofMaF_task-JogB_acq-EPIlowcov_run-1_cbv_pfstat.nii.gz,1,ofMaF,4011,JogB,8.300797462463379,6.926363945007324,5.945959091186523,3.3472394943237305,Legacy,Legacy,4011_ofMaF_cbv
52,EPIlowcov,BOLD,/home/chymera/.scratch/irsabi/l1/legacy/sub-4011/ses-ofMcF1/sub-4011_ses-ofMcF1_task-JogB_acq-EPIlowcov_run-0_bold_pfstat.nii.gz,0,ofMcF1,4011,JogB,4.6963419914245605,2.615612506866455,4.5445051193237305,4.224056243896484,Legacy,Legacy,4011_ofMcF1_bold
53,EPIlowcov,CBV,/home/chymera/.scratch/irsabi/l1/legacy/sub-4011/ses-ofMcF1/sub-4011_ses-ofMcF1_task-JogB_acq-EPIlowcov_run-1_cbv_pfstat.nii.gz,1,ofMcF1,4011,JogB,6.8554368019104,4.45002555847168,4.404387474060059,4.274718284606934,Legacy,Legacy,4011_ofMcF1_cbv
54,EPIlowcov,BOLD,/home/chymera/.scratch/irsabi/l1/legacy/sub-4011/ses-ofMcF2/sub-4011_ses-ofMcF2_task-JogB_acq-EPIlowcov_run-0_bold_pfstat.nii.gz,0,ofMcF2,4011,JogB,4.235836982727051,2.4679930210113525,2.6335198879241943,2.2342591285705566,Legacy,Legacy,4011_ofMcF2_bold
55,EPIlowcov,CBV,/home/chymera/.scratch/irsabi/l1/legacy/sub-4011/ses-ofMcF2/sub-4011_ses-ofMcF2_task-JogB_acq-EPIlowcov_run-1_cbv_pfstat.nii.gz,1,ofMcF2,4011,JogB,2.5332789421081543,1.5210990905761719,1.1579793691635132,0.7884604930877686,Legacy,Legacy,4011_ofMcF2_cbv
56,EPIlowcov,BOLD,/home/chymera/.scratch/irsabi/l1/legacy/sub-4012/ses-ofM/sub-4012_ses-ofM_task-JogB_acq-EPIlowcov_run-0_bold_pfstat.nii.gz,0,ofM,4012,JogB,1.6515494585037231,1.1182434558868408,1.1601454019546509,0.7937827110290527,Legacy,Legacy,4012_ofM_bold
57,EPIlowcov,CBV,/home/chymera/.scratch/irsabi/l1/legacy/sub-4012/ses-ofM/sub-4012_ses-ofM_task-JogB_acq-EPIlowcov_run-1_cbv_pfstat.nii.gz,1,ofM,4012,JogB,2.4617867469787598,1.4717073440551758,2.015470027923584,1.640561819076538,Legacy,Legacy,4012_ofM_cbv
58,EPIlowcov,BOLD,/home/chymera/.scratch/irsabi/l1/legacy/sub-4012/ses-ofMaF/sub-4012_ses-ofMaF_task-JogB_acq-EPIlowcov_run-0_bold_pfstat.nii.gz,0,ofMaF,4012,JogB,4.04298210144043,2.5495755672454834,4.155542373657227,2.389328718185425,Legacy,Legacy,4012_ofMaF_bold
59,EPIlowcov,CBV,/home/chymera/.scratch/irsabi/l1/legacy/sub-4012/ses-ofMaF/sub-4012_ses-ofMaF_task-JogB_acq-EPIlowcov_run-1_cbv_pfstat.nii.gz,1,ofMaF,4012,JogB,1.6244243383407593,1.1148643493652344,2.3051023483276367,2.440084457397461,Legacy,Legacy,4012_ofMaF_cbv
60,EPIlowcov,BOLD,/home/chymera/.scratch/irsabi/l1/legacy/sub-4012/ses-ofMcF1/sub-4012_ses-ofMcF1_task-JogB_acq-EPIlowcov_run-0_bold_pfstat.nii.gz,0,ofMcF1,4012,JogB,1.8131815195083618,1.2033884525299072,1.870754361152649,1.4857697486877441,Legacy,Legacy,4012_ofMcF1_bold
61,EPIlowcov,CBV,/home/chymera/.scratch/irsabi/l1/legacy/sub-4012/ses-ofMcF1/sub-4012_ses-ofMcF1_task-JogB_acq-EPIlowcov_run-1_cbv_pfstat.nii.gz,1,ofMcF1,4012,JogB,2.8188581466674805,1.6469613313674927,3.099637985229492,3.0828235149383545,Legacy,Legacy,4012_ofMcF1_cbv
62,EPIlowcov,BOLD,/home/chymera/.scratch/irsabi/l1/legacy/sub-4012/ses-ofMcF2/sub-4012_ses-ofMcF2_task-JogB_acq-EPIlowcov_run-0_bold_pfstat.nii.gz,0,ofMcF2,4012,JogB,10.974416732788086,13.772746086120605,15.708210945129395,15.95458984375,Legacy,Legacy,4012_ofMcF2_bold
63,EPIlowcov,CBV,/home/chymera/.scratch/irsabi/l1/legacy/sub-4012/ses-ofMcF2/sub-4012_ses-ofMcF2_task-JogB_acq-EPIlowcov_run-1_cbv_pfstat.nii.gz,1,ofMcF2,4012,JogB,4.354124546051025,2.6358296871185303,0.9748730659484863,0.9394920468330383,Legacy,Legacy,4012_ofMcF2_cbv
64,EPIlowcov,BOLD,/home/chymera/.scratch/irsabi/l1/legacy/sub-4012/ses-ofMpF/sub-4012_ses-ofMpF_task-JogB_acq-EPIlowcov_run-0_bold_pfstat.nii.gz,0,ofMpF,4012,JogB,1.6293022632598877,1.1487654447555542,0.8274955749511719,0.597654402256012,Legacy,Legacy,4012_ofMpF_bold
65,EPIlowcov,CBV,/home/chymera/.scratch/irsabi/l1/legacy/sub-4012/ses-ofMpF/sub-4012_ses-ofMpF_task-JogB_acq-EPIlowcov_run-1_cbv_pfstat.nii.gz,1,ofMpF,4012,JogB,1.9458872079849243,1.282859444618225,2.2865121364593506,1.0311981439590454,Legacy,Legacy,4012_ofMpF_cbv
66,EPIlowcov,BOLD,/home/chymera/.scratch/irsabi/l1/legacy/sub-4013/ses-ofM/sub-4013_ses-ofM_task-JogB_acq-EPIlowcov_run-0_bold_pfstat.nii.gz,0,ofM,4013,JogB,1.585593581199646,1.0996992588043213,1.1820731163024902,0.8827561140060425,Legacy,Legacy,4013_ofM_bold
67,EPIlowcov,CBV,/home/chymera/.scratch/irsabi/l1/legacy/sub-4013/ses-ofM/sub-4013_ses-ofM_task-JogB_acq-EPIlowcov_run-1_cbv_pfstat.nii.gz,1,ofM,4013,JogB,1.6414119005203247,1.1469966173171997,1.4013363122940063,0.5527337789535522,Legacy,Legacy,4013_ofM_cbv
0,EPIlowcov,BOLD,/home/chymera/.scratch/irsabi/l1/legacy_dsurqec/sub-4001/ses-ofM/sub-4001_ses-ofM_task-JogB_acq-EPIlowcov_run-0_bold_pfstat.nii.gz,0,ofM,4001,JogB,1.7924343347549438,1.222729206085205,2.1778461933135986,1.8736121654510498,Legacy,Generic,4001_ofM_bold
1,EPIlowcov,CBV,/home/chymera/.scratch/irsabi/l1/legacy_dsurqec/sub-4001/ses-ofM/sub-4001_ses-ofM_task-JogB_acq-EPIlowcov_run-1_cbv_pfstat.nii.gz,1,ofM,4001,JogB,1.5268045663833618,1.0503177642822266,1.3933517932891846,1.0904579162597656,Legacy,Generic,4001_ofM_cbv
2,EPIlowcov,BOLD,/home/chymera/.scratch/irsabi/l1/legacy_dsurqec/sub-4001/ses-ofMaF/sub-4001_ses-ofMaF_task-JogB_acq-EPIlowcov_run-0_bold_pfstat.nii.gz,0,ofMaF,4001,JogB,2.8044254779815674,1.804129719734192,4.718011379241943,3.0382931232452393,Legacy,Generic,4001_ofMaF_bold
3,EPIlowcov,CBV,/home/chymera/.scratch/irsabi/l1/legacy_dsurqec/sub-4001/ses-ofMaF/sub-4001_ses-ofMaF_task-JogB_acq-EPIlowcov_run-1_cbv_pfstat.nii.gz,1,ofMaF,4001,JogB,1.6870808601379395,1.1702289581298828,2.1219260692596436,1.5921106338500977,Legacy,Generic,4001_ofMaF_cbv
4,EPIlowcov,BOLD,/home/chymera/.scratch/irsabi/l1/legacy_dsurqec/sub-4001/ses-ofMcF1/sub-4001_ses-ofMcF1_task-JogB_acq-EPIlowcov_run-0_bold_pfstat.nii.gz,0,ofMcF1,4001,JogB,2.4663925170898438,1.7260639667510986,8.501422882080078,9.172300338745117,Legacy,Generic,4001_ofMcF1_bold
5,EPIlowcov,CBV,/home/chymera/.scratch/irsabi/l1/legacy_dsurqec/sub-4001/ses-ofMcF1/sub-4001_ses-ofMcF1_task-JogB_acq-EPIlowcov_run-1_cbv_pfstat.nii.gz,1,ofMcF1,4001,JogB,2.4097542762756348,1.5931267738342285,7.5183186531066895,6.773590087890625,Legacy,Generic,4001_ofMcF1_cbv
6,EPIlowcov,BOLD,/home/chymera/.scratch/irsabi/l1/legacy_dsurqec/sub-4001/ses-ofMcF2/sub-4001_ses-ofMcF2_task-JogB_acq-EPIlowcov_run-0_bold_pfstat.nii.gz,0,ofMcF2,4001,JogB,2.2792763710021973,1.4762444496154785,4.310763835906982,3.985177993774414,Legacy,Generic,4001_ofMcF2_bold
7,EPIlowcov,CBV,/home/chymera/.scratch/irsabi/l1/legacy_dsurqec/sub-4001/ses-ofMcF2/sub-4001_ses-ofMcF2_task-JogB_acq-EPIlowcov_run-1_cbv_pfstat.nii.gz,1,ofMcF2,4001,JogB,2.1583504676818848,1.3427964448928833,4.919388771057129,3.9521923065185547,Legacy,Generic,4001_ofMcF2_cbv
8,EPIlowcov,BOLD,/home/chymera/.scratch/irsabi/l1/legacy_dsurqec/sub-4002/ses-ofM/sub-4002_ses-ofM_task-JogB_acq-EPIlowcov_run-0_bold_pfstat.nii.gz,0,ofM,4002,JogB,4.044803619384766,3.384627103805542,2.7378275394439697,2.660123825073242,Legacy,Generic,4002_ofM_bold
9,EPIlowcov,CBV,/home/chymera/.scratch/irsabi/l1/legacy_dsurqec/sub-4002/ses-ofM/sub-4002_ses-ofM_task-JogB_acq-EPIlowcov_run-1_cbv_pfstat.nii.gz,1,ofM,4002,JogB,1.7252699136734009,1.1886117458343506,3.051825761795044,1.8389744758605957,Legacy,Generic,4002_ofM_cbv
10,EPIlowcov,BOLD,/home/chymera/.scratch/irsabi/l1/legacy_dsurqec/sub-4004/ses-ofM/sub-4004_ses-ofM_task-JogB_acq-EPIlowcov_run-0_bold_pfstat.nii.gz,0,ofM,4004,JogB,2.0454273223876953,1.3500726222991943,2.428956985473633,1.981122374534607,Legacy,Generic,4004_ofM_bold
11,EPIlowcov,CBV,/home/chymera/.scratch/irsabi/l1/legacy_dsurqec/sub-4004/ses-ofM/sub-4004_ses-ofM_task-JogB_acq-EPIlowcov_run-1_cbv_pfstat.nii.gz,1,ofM,4004,JogB,2.003608226776123,1.3175855875015259,2.919353485107422,2.5110671520233154,Legacy,Generic,4004_ofM_cbv
12,EPIlowcov,BOLD,/home/chymera/.scratch/irsabi/l1/legacy_dsurqec/sub-4005/ses-ofM/sub-4005_ses-ofM_task-JogB_acq-EPIlowcov_run-0_bold_pfstat.nii.gz,0,ofM,4005,JogB,2.1064348220825195,1.4130585193634033,6.079804420471191,4.073911190032959,Legacy,Generic,4005_ofM_bold
13,EPIlowcov,CBV,/home/chymera/.scratch/irsabi/l1/legacy_dsurqec/sub-4005/ses-ofM/sub-4005_ses-ofM_task-JogB_acq-EPIlowcov_run-1_cbv_pfstat.nii.gz,1,ofM,4005,JogB,3.68453311920166,2.1541712284088135,2.9067442417144775,2.046907901763916,Legacy,Generic,4005_ofM_cbv
14,EPIlowcov,BOLD,/home/chymera/.scratch/irsabi/l1/legacy_dsurqec/sub-4005/ses-ofMaF/sub-4005_ses-ofMaF_task-JogB_acq-EPIlowcov_run-0_bold_pfstat.nii.gz,0,ofMaF,4005,JogB,2.5737850666046143,1.5885813236236572,3.3572866916656494,2.778059959411621,Legacy,Generic,4005_ofMaF_bold
15,EPIlowcov,CBV,/home/chymera/.scratch/irsabi/l1/legacy_dsurqec/sub-4005/ses-ofMaF/sub-4005_ses-ofMaF_task-JogB_acq-EPIlowcov_run-1_cbv_pfstat.nii.gz,1,ofMaF,4005,JogB,1.5350844860076904,1.055134654045105,1.5816601514816284,0.9736759662628174,Legacy,Generic,4005_ofMaF_cbv
16,EPIlowcov,BOLD,/home/chymera/.scratch/irsabi/l1/legacy_dsurqec/sub-4006/ses-ofM/sub-4006_ses-ofM_task-JogB_acq-EPIlowcov_run-0_bold_pfstat.nii.gz,0,ofM,4006,JogB,1.5161316394805908,1.0333760976791382,2.139989137649536,1.1584868431091309,Legacy,Generic,4006_ofM_bold
17,EPIlowcov,CBV,/home/chymera/.scratch/irsabi/l1/legacy_dsurqec/sub-4006/ses-ofM/sub-4006_ses-ofM_task-JogB_acq-EPIlowcov_run-1_cbv_pfstat.nii.gz,1,ofM,4006,JogB,1.8715838193893433,1.2746798992156982,2.074587821960449,1.4080164432525635,Legacy,Generic,4006_ofM_cbv
18,EPIlowcov,BOLD,/home/chymera/.scratch/irsabi/l1/legacy_dsurqec/sub-4007/ses-ofM/sub-4007_ses-ofM_task-JogB_acq-EPIlowcov_run-0_bold_pfstat.nii.gz,0,ofM,4007,JogB,2.1219663619995117,1.3146814107894897,1.9544739723205566,1.7390367984771729,Legacy,Generic,4007_ofM_bold
19,EPIlowcov,CBV,/home/chymera/.scratch/irsabi/l1/legacy_dsurqec/sub-4007/ses-ofM/sub-4007_ses-ofM_task-JogB_acq-EPIlowcov_run-1_cbv_pfstat.nii.gz,1,ofM,4007,JogB,2.849071741104126,1.8406829833984375,3.228525161743164,2.8056223392486572,Legacy,Generic,4007_ofM_cbv
20,EPIlowcov,BOLD,/home/chymera/.scratch/irsabi/l1/legacy_dsurqec/sub-4007/ses-ofMaF/sub-4007_ses-ofMaF_task-JogB_acq-EPIlowcov_run-0_bold_pfstat.nii.gz,0,ofMaF,4007,JogB,4.34912109375,2.580463409423828,1.2487246990203857,0.9271239042282104,Legacy,Generic,4007_ofMaF_bold
21,EPIlowcov,CBV,/home/chymera/.scratch/irsabi/l1/legacy_dsurqec/sub-4007/ses-ofMaF/sub-4007_ses-ofMaF_task-JogB_acq-EPIlowcov_run-1_cbv_pfstat.nii.gz,1,ofMaF,4007,JogB,8.275794982910156,6.959313869476318,1.783776044845581,0.9605599641799927,Legacy,Generic,4007_ofMaF_cbv
22,EPIlowcov,BOLD,/home/chymera/.scratch/irsabi/l1/legacy_dsurqec/sub-4007/ses-ofMcF1/sub-4007_ses-ofMcF1_task-JogB_acq-EPIlowcov_run-0_bold_pfstat.nii.gz,0,ofMcF1,4007,JogB,3.397731065750122,2.0067105293273926,2.368284225463867,2.200033664703369,Legacy,Generic,4007_ofMcF1_bold
23,EPIlowcov,CBV,/home/chymera/.scratch/irsabi/l1/legacy_dsurqec/sub-4007/ses-ofMcF1/sub-4007_ses-ofMcF1_task-JogB_acq-EPIlowcov_run-1_cbv_pfstat.nii.gz,1,ofMcF1,4007,JogB,3.8033158779144287,2.3280692100524902,2.4872119426727295,1.5917541980743408,Legacy,Generic,4007_ofMcF1_cbv
24,EPIlowcov,BOLD,/home/chymera/.scratch/irsabi/l1/legacy_dsurqec/sub-4007/ses-ofMcF2/sub-4007_ses-ofMcF2_task-JogB_acq-EPIlowcov_run-0_bold_pfstat.nii.gz,0,ofMcF2,4007,JogB,4.280997276306152,2.6374878883361816,1.8205735683441162,1.054163932800293,Legacy,Generic,4007_ofMcF2_bold
25,EPIlowcov,CBV,/home/chymera/.scratch/irsabi/l1/legacy_dsurqec/sub-4007/ses-ofMcF2/sub-4007_ses-ofMcF2_task-JogB_acq-EPIlowcov_run-1_cbv_pfstat.nii.gz,1,ofMcF2,4007,JogB,6.342722415924072,3.9294748306274414,3.8480398654937744,2.6568026542663574,Legacy,Generic,4007_ofMcF2_cbv
26,EPIlowcov,BOLD,/home/chymera/.scratch/irsabi/l1/legacy_dsurqec/sub-4007/ses-ofMpF/sub-4007_ses-ofMpF_task-JogB_acq-EPIlowcov_run-0_bold_pfstat.nii.gz,0,ofMpF,4007,JogB,1.8240001201629639,1.2561240196228027,2.6667003631591797,2.3192827701568604,Legacy,Generic,4007_ofMpF_bold
27,EPIlowcov,CBV,/home/chymera/.scratch/irsabi/l1/legacy_dsurqec/sub-4007/ses-ofMpF/sub-4007_ses-ofMpF_task-JogB_acq-EPIlowcov_run-1_cbv_pfstat.nii.gz,1,ofMpF,4007,JogB,1.7657997608184814,1.220139741897583,3.8023321628570557,3.0033774375915527,Legacy,Generic,4007_ofMpF_cbv
28,EPIlowcov,BOLD,/home/chymera/.scratch/irsabi/l1/legacy_dsurqec/sub-4008/ses-ofM/sub-4008_ses-ofM_task-JogB_acq-EPIlowcov_run-0_bold_pfstat.nii.gz,0,ofM,4008,JogB,3.009552240371704,2.0459914207458496,1.9869039058685303,1.650207757949829,Legacy,Generic,4008_ofM_bold
29,EPIlowcov,CBV,/home/chymera/.scratch/irsabi/l1/legacy_dsurqec/sub-4008/ses-ofM/sub-4008_ses-ofM_task-JogB_acq-EPIlowcov_run-1_cbv_pfstat.nii.gz,1,ofM,4008,JogB,2.713160514831543,1.691218376159668,0.8606439232826233,0.6520634293556213,Legacy,Generic,4008_ofM_cbv
30,EPIlowcov,BOLD,/home/chymera/.scratch/irsabi/l1/legacy_dsurqec/sub-4008/ses-ofMaF/sub-4008_ses-ofMaF_task-JogB_acq-EPIlowcov_run-0_bold_pfstat.nii.gz,0,ofMaF,4008,JogB,7.567281246185303,5.696236610412598,2.690075397491455,1.5796771049499512,Legacy,Generic,4008_ofMaF_bold
31,EPIlowcov,CBV,/home/chymera/.scratch/irsabi/l1/legacy_dsurqec/sub-4008/ses-ofMaF/sub-4008_ses-ofMaF_task-JogB_acq-EPIlowcov_run-1_cbv_pfstat.nii.gz,1,ofMaF,4008,JogB,9.61327838897705,10.770392417907715,3.2194347381591797,2.7506399154663086,Legacy,Generic,4008_ofMaF_cbv
32,EPIlowcov,BOLD,/home/chymera/.scratch/irsabi/l1/legacy_dsurqec/sub-4008/ses-ofMcF1/sub-4008_ses-ofMcF1_task-JogB_acq-EPIlowcov_run-0_bold_pfstat.nii.gz,0,ofMcF1,4008,JogB,3.9703705310821533,2.290851354598999,1.7831525802612305,1.3805938959121704,Legacy,Generic,4008_ofMcF1_bold
33,EPIlowcov,CBV,/home/chymera/.scratch/irsabi/l1/legacy_dsurqec/sub-4008/ses-ofMcF1/sub-4008_ses-ofMcF1_task-JogB_acq-EPIlowcov_run-1_cbv_pfstat.nii.gz,1,ofMcF1,4008,JogB,1.7457600831985474,1.1648157835006714,0.7595600485801697,0.6940829753875732,Legacy,Generic,4008_ofMcF1_cbv
34,EPIlowcov,BOLD,/home/chymera/.scratch/irsabi/l1/legacy_dsurqec/sub-4008/ses-ofMcF2/sub-4008_ses-ofMcF2_task-JogB_acq-EPIlowcov_run-0_bold_pfstat.nii.gz,0,ofMcF2,4008,JogB,11.491182327270508,14.198715209960938,7.700448989868164,7.334571838378906,Legacy,Generic,4008_ofMcF2_bold
35,EPIlowcov,CBV,/home/chymera/.scratch/irsabi/l1/legacy_dsurqec/sub-4008/ses-ofMcF2/sub-4008_ses-ofMcF2_task-JogB_acq-EPIlowcov_run-1_cbv_pfstat.nii.gz,1,ofMcF2,4008,JogB,4.0661234855651855,2.168992757797241,6.970682621002197,5.753695964813232,Legacy,Generic,4008_ofMcF2_cbv
36,EPIlowcov,BOLD,/home/chymera/.scratch/irsabi/l1/legacy_dsurqec/sub-4008/ses-ofMpF/sub-4008_ses-ofMpF_task-JogB_acq-EPIlowcov_run-0_bold_pfstat.nii.gz,0,ofMpF,4008,JogB,1.9297176599502563,1.318056583404541,2.2805063724517822,1.6761906147003174,Legacy,Generic,4008_ofMpF_bold
37,EPIlowcov,CBV,/home/chymera/.scratch/irsabi/l1/legacy_dsurqec/sub-4008/ses-ofMpF/sub-4008_ses-ofMpF_task-JogB_acq-EPIlowcov_run-1_cbv_pfstat.nii.gz,1,ofMpF,4008,JogB,2.2424910068511963,1.3591740131378174,1.6080687046051025,1.1002134084701538,Legacy,Generic,4008_ofMpF_cbv
38,EPIlowcov,BOLD,/home/chymera/.scratch/irsabi/l1/legacy_dsurqec/sub-4009/ses-ofM/sub-4009_ses-ofM_task-JogB_acq-EPIlowcov_run-0_bold_pfstat.nii.gz,0,ofM,4009,JogB,1.6610428094863892,1.1382336616516113,1.2693707942962646,0.7659063339233398,Legacy,Generic,4009_ofM_bold
39,EPIlowcov,CBV,/home/chymera/.scratch/irsabi/l1/legacy_dsurqec/sub-4009/ses-ofM/sub-4009_ses-ofM_task-JogB_acq-EPIlowcov_run-1_cbv_pfstat.nii.gz,1,ofM,4009,JogB,1.658276915550232,1.1309430599212646,3.815436601638794,2.987201452255249,Legacy,Generic,4009_ofM_cbv
40,EPIlowcov,BOLD,/home/chymera/.scratch/irsabi/l1/legacy_dsurqec/sub-4009/ses-ofMaF/sub-4009_ses-ofMaF_task-JogB_acq-EPIlowcov_run-0_bold_pfstat.nii.gz,0,ofMaF,4009,JogB,1.6117023229599,1.1147541999816895,2.220184564590454,1.9758707284927368,Legacy,Generic,4009_ofMaF_bold
41,EPIlowcov,CBV,/home/chymera/.scratch/irsabi/l1/legacy_dsurqec/sub-4009/ses-ofMaF/sub-4009_ses-ofMaF_task-JogB_acq-EPIlowcov_run-1_cbv_pfstat.nii.gz,1,ofMaF,4009,JogB,1.6327252388000488,1.1501973867416382,1.8476228713989258,1.1029822826385498,Legacy,Generic,4009_ofMaF_cbv
42,EPIlowcov,BOLD,/home/chymera/.scratch/irsabi/l1/legacy_dsurqec/sub-4009/ses-ofMcF1/sub-4009_ses-ofMcF1_task-JogB_acq-EPIlowcov_run-0_bold_pfstat.nii.gz,0,ofMcF1,4009,JogB,2.3583638668060303,1.7074685096740723,1.4794650077819824,1.2501636743545532,Legacy,Generic,4009_ofMcF1_bold
43,EPIlowcov,CBV,/home/chymera/.scratch/irsabi/l1/legacy_dsurqec/sub-4009/ses-ofMcF1/sub-4009_ses-ofMcF1_task-JogB_acq-EPIlowcov_run-1_cbv_pfstat.nii.gz,1,ofMcF1,4009,JogB,1.5847057104110718,1.0866302251815796,0.6764639616012573,0.4495203495025635,Legacy,Generic,4009_ofMcF1_cbv
44,EPIlowcov,BOLD,/home/chymera/.scratch/irsabi/l1/legacy_dsurqec/sub-4009/ses-ofMcF2/sub-4009_ses-ofMcF2_task-JogB_acq-EPIlowcov_run-0_bold_pfstat.nii.gz,0,ofMcF2,4009,JogB,11.88336181640625,13.468868255615234,14.216550827026367,15.080495834350586,Legacy,Generic,4009_ofMcF2_bold
45,EPIlowcov,CBV,/home/chymera/.scratch/irsabi/l1/legacy_dsurqec/sub-4009/ses-ofMcF2/sub-4009_ses-ofMcF2_task-JogB_acq-EPIlowcov_run-1_cbv_pfstat.nii.gz,1,ofMcF2,4009,JogB,2.1363844871520996,1.5505396127700806,3.1131467819213867,2.869662284851074,Legacy,Generic,4009_ofMcF2_cbv
46,EPIlowcov,BOLD,/home/chymera/.scratch/irsabi/l1/legacy_dsurqec/sub-4009/ses-ofMpF/sub-4009_ses-ofMpF_task-JogB_acq-EPIlowcov_run-0_bold_pfstat.nii.gz,0,ofMpF,4009,JogB,1.7819520235061646,1.1957411766052246,1.9531561136245728,1.8477542400360107,Legacy,Generic,4009_ofMpF_bold
47,EPIlowcov,CBV,/home/chymera/.scratch/irsabi/l1/legacy_dsurqec/sub-4009/ses-ofMpF/sub-4009_ses-ofMpF_task-JogB_acq-EPIlowcov_run-1_cbv_pfstat.nii.gz,1,ofMpF,4009,JogB,1.6469851732254028,1.1326686143875122,0.9117657542228699,0.6085594892501831,Legacy,Generic,4009_ofMpF_cbv
48,EPIlowcov,BOLD,/home/chymera/.scratch/irsabi/l1/legacy_dsurqec/sub-4011/ses-ofM/sub-4011_ses-ofM_task-JogB_acq-EPIlowcov_run-0_bold_pfstat.nii.gz,0,ofM,4011,JogB,2.1903529167175293,1.357823133468628,2.8315155506134033,1.5834839344024658,Legacy,Generic,4011_ofM_bold
49,EPIlowcov,CBV,/home/chymera/.scratch/irsabi/l1/legacy_dsurqec/sub-4011/ses-ofM/sub-4011_ses-ofM_task-JogB_acq-EPIlowcov_run-1_cbv_pfstat.nii.gz,1,ofM,4011,JogB,4.656636714935303,2.596637487411499,5.640945911407471,4.287375450134277,Legacy,Generic,4011_ofM_cbv
50,EPIlowcov,BOLD,/home/chymera/.scratch/irsabi/l1/legacy_dsurqec/sub-4011/ses-ofMaF/sub-4011_ses-ofMaF_task-JogB_acq-EPIlowcov_run-0_bold_pfstat.nii.gz,0,ofMaF,4011,JogB,3.6440529823303223,2.000694990158081,3.757896900177002,2.540666103363037,Legacy,Generic,4011_ofMaF_bold
51,EPIlowcov,CBV,/home/chymera/.scratch/irsabi/l1/legacy_dsurqec/sub-4011/ses-ofMaF/sub-4011_ses-ofMaF_task-JogB_acq-EPIlowcov_run-1_cbv_pfstat.nii.gz,1,ofMaF,4011,JogB,9.117700576782227,8.956130981445312,3.4952919483184814,1.5414729118347168,Legacy,Generic,4011_ofMaF_cbv
52,EPIlowcov,BOLD,/home/chymera/.scratch/irsabi/l1/legacy_dsurqec/sub-4011/ses-ofMcF1/sub-4011_ses-ofMcF1_task-JogB_acq-EPIlowcov_run-0_bold_pfstat.nii.gz,0,ofMcF1,4011,JogB,5.065242767333984,2.899850845336914,4.942384243011475,3.8925466537475586,Legacy,Generic,4011_ofMcF1_bold
53,EPIlowcov,CBV,/home/chymera/.scratch/irsabi/l1/legacy_dsurqec/sub-4011/ses-ofMcF1/sub-4011_ses-ofMcF1_task-JogB_acq-EPIlowcov_run-1_cbv_pfstat.nii.gz,1,ofMcF1,4011,JogB,7.764955997467041,5.976692199707031,1.8212571144104004,1.4001438617706299,Legacy,Generic,4011_ofMcF1_cbv
54,EPIlowcov,BOLD,/home/chymera/.scratch/irsabi/l1/legacy_dsurqec/sub-4011/ses-ofMcF2/sub-4011_ses-ofMcF2_task-JogB_acq-EPIlowcov_run-0_bold_pfstat.nii.gz,0,ofMcF2,4011,JogB,4.740572452545166,2.8980917930603027,1.7519046068191528,1.3220635652542114,Legacy,Generic,4011_ofMcF2_bold
55,EPIlowcov,CBV,/home/chymera/.scratch/irsabi/l1/legacy_dsurqec/sub-4011/ses-ofMcF2/sub-4011_ses-ofMcF2_task-JogB_acq-EPIlowcov_run-1_cbv_pfstat.nii.gz,1,ofMcF2,4011,JogB,2.6518452167510986,1.58148193359375,2.5706400871276855,1.740262746810913,Legacy,Generic,4011_ofMcF2_cbv
56,EPIlowcov,BOLD,/home/chymera/.scratch/irsabi/l1/legacy_dsurqec/sub-4012/ses-ofM/sub-4012_ses-ofM_task-JogB_acq-EPIlowcov_run-0_bold_pfstat.nii.gz,0,ofM,4012,JogB,1.6641517877578735,1.1256797313690186,1.0718228816986084,0.6863382458686829,Legacy,Generic,4012_ofM_bold
57,EPIlowcov,CBV,/home/chymera/.scratch/irsabi/l1/legacy_dsurqec/sub-4012/ses-ofM/sub-4012_ses-ofM_task-JogB_acq-EPIlowcov_run-1_cbv_pfstat.nii.gz,1,ofM,4012,JogB,2.588014602661133,1.5048987865447998,1.9635738134384155,1.5996756553649902,Legacy,Generic,4012_ofM_cbv
58,EPIlowcov,BOLD,/home/chymera/.scratch/irsabi/l1/legacy_dsurqec/sub-4012/ses-ofMaF/sub-4012_ses-ofMaF_task-JogB_acq-EPIlowcov_run-0_bold_pfstat.nii.gz,0,ofMaF,4012,JogB,4.361470699310303,2.8768696784973145,2.88029146194458,1.7920645475387573,Legacy,Generic,4012_ofMaF_bold
59,EPIlowcov,CBV,/home/chymera/.scratch/irsabi/l1/legacy_dsurqec/sub-4012/ses-ofMaF/sub-4012_ses-ofMaF_task-JogB_acq-EPIlowcov_run-1_cbv_pfstat.nii.gz,1,ofMaF,4012,JogB,1.609389066696167,1.1152018308639526,2.136780261993408,1.9372751712799072,Legacy,Generic,4012_ofMaF_cbv
60,EPIlowcov,BOLD,/home/chymera/.scratch/irsabi/l1/legacy_dsurqec/sub-4012/ses-ofMcF1/sub-4012_ses-ofMcF1_task-JogB_acq-EPIlowcov_run-0_bold_pfstat.nii.gz,0,ofMcF1,4012,JogB,1.8416574001312256,1.2143809795379639,2.814791679382324,2.209623336791992,Legacy,Generic,4012_ofMcF1_bold
61,EPIlowcov,CBV,/home/chymera/.scratch/irsabi/l1/legacy_dsurqec/sub-4012/ses-ofMcF1/sub-4012_ses-ofMcF1_task-JogB_acq-EPIlowcov_run-1_cbv_pfstat.nii.gz,1,ofMcF1,4012,JogB,3.0867488384246826,1.799306869506836,1.3901695013046265,1.0996818542480469,Legacy,Generic,4012_ofMcF1_cbv
62,EPIlowcov,BOLD,/home/chymera/.scratch/irsabi/l1/legacy_dsurqec/sub-4012/ses-ofMcF2/sub-4012_ses-ofMcF2_task-JogB_acq-EPIlowcov_run-0_bold_pfstat.nii.gz,0,ofMcF2,4012,JogB,12.208494186401367,15.95458984375,15.778695106506348,15.95458984375,Legacy,Generic,4012_ofMcF2_bold
63,EPIlowcov,CBV,/home/chymera/.scratch/irsabi/l1/legacy_dsurqec/sub-4012/ses-ofMcF2/sub-4012_ses-ofMcF2_task-JogB_acq-EPIlowcov_run-1_cbv_pfstat.nii.gz,1,ofMcF2,4012,JogB,4.711109161376953,3.016059398651123,0.9829611778259277,0.6621346473693848,Legacy,Generic,4012_ofMcF2_cbv
64,EPIlowcov,BOLD,/home/chymera/.scratch/irsabi/l1/legacy_dsurqec/sub-4012/ses-ofMpF/sub-4012_ses-ofMpF_task-JogB_acq-EPIlowcov_run-0_bold_pfstat.nii.gz,0,ofMpF,4012,JogB,1.6363682746887207,1.1563671827316284,0.8571045398712158,0.5491830706596375,Legacy,Generic,4012_ofMpF_bold
65,EPIlowcov,CBV,/home/chymera/.scratch/irsabi/l1/legacy_dsurqec/sub-4012/ses-ofMpF/sub-4012_ses-ofMpF_task-JogB_acq-EPIlowcov_run-1_cbv_pfstat.nii.gz,1,ofMpF,4012,JogB,1.9872033596038818,1.2896947860717773,2.371553421020508,1.2461390495300293,Legacy,Generic,4012_ofMpF_cbv
66,EPIlowcov,BOLD,/home/chymera/.scratch/irsabi/l1/legacy_dsurqec/sub-4013/ses-ofM/sub-4013_ses-ofM_task-JogB_acq-EPIlowcov_run-0_bold_pfstat.nii.gz,0,ofM,4013,JogB,1.6053649187088013,1.1210572719573975,1.4526170492172241,1.0885258913040161,Legacy,Generic,4013_ofM_bold
67,EPIlowcov,CBV,/home/chymera/.scratch/irsabi/l1/legacy_dsurqec/sub-4013/ses-ofM/sub-4013_ses-ofM_task-JogB_acq-EPIlowcov_run-1_cbv_pfstat.nii.gz,1,ofM,4013,JogB,1.63603937625885,1.141152024269104,1.1655805110931396,0.9412366151809692,Legacy,Generic,4013_ofM_cbv
